     1  0.98 0.979 0.979 0.979 0.979 0.979 0.982 0.979 0.979 0.981 0.283
  0.98     1 0.959  0.96 0.959 0.959 0.959 0.962 0.959 0.959 0.962 0.284
 0.979 0.959     1 0.958 0.959  0.96 0.958 0.961 0.959 0.959 0.961  0.28
 0.979  0.96 0.958     1  0.96  0.96 0.961 0.963 0.958 0.958 0.961  0.28
 0.979 0.959 0.959  0.96     1 0.958 0.958 0.963 0.958 0.958 0.961 0.289
 0.979 0.959  0.96  0.96 0.958     1 0.958 0.961 0.959 0.959  0.96 0.283
 0.979 0.959 0.958 0.961 0.958 0.958     1 0.962 0.958 0.963  0.96 0.283
 0.982 0.962 0.961 0.963 0.963 0.961 0.962     1 0.962 0.961 0.963 0.286
 0.979 0.959 0.959 0.958 0.958 0.959 0.958 0.962     1 0.958  0.96  0.28
 0.979 0.959 0.959 0.958 0.958 0.959 0.963 0.961 0.958     1  0.96 0.287
 0.981 0.962 0.961 0.961 0.961  0.96  0.96 0.963  0.96  0.96     1 0.283
 0.283 0.284  0.28  0.28 0.289 0.283 0.283 0.286  0.28 0.287 0.283     1