Running with parameters: 
  k = 6
  id = 0.85
  max_rejects = 8
  depth = 0

Reading sequences...
Time: 0.000566 sec.
Seqs/sec: 21201.4

     1 0.993 0.993 0.993  0.99 0.993 0.997  0.99  0.99  0.99  0.99 0.283
 0.993     1 0.988 0.987 0.984 0.987  0.99 0.984 0.984 0.984 0.984 0.284
 0.993 0.988     1 0.987 0.984 0.987  0.99 0.984 0.984 0.984 0.984 0.283
 0.993 0.987 0.987     1 0.984 0.987  0.99 0.984 0.984 0.984 0.984 0.283
  0.99 0.984 0.984 0.984     1  0.99 0.987  0.98  0.98  0.98  0.98 0.282
 0.993 0.987 0.987 0.987  0.99     1  0.99 0.984 0.984 0.984 0.984 0.281
 0.997  0.99  0.99  0.99 0.987  0.99     1 0.987 0.987 0.987 0.987  0.28
  0.99 0.984 0.984 0.984  0.98 0.984 0.987     1 0.982  0.98  0.98 0.284
  0.99 0.984 0.984 0.984  0.98 0.984 0.987 0.982     1  0.98  0.98  0.28
  0.99 0.984 0.984 0.984  0.98 0.984 0.987  0.98  0.98     1  0.98 0.287
  0.99 0.984 0.984 0.984  0.98 0.984 0.987  0.98  0.98  0.98     1 0.283
 0.283 0.284 0.283 0.283 0.282 0.281  0.28 0.284  0.28 0.287 0.283     1
