Running with parameters: 
  k = 6
  id = 0.85
  max_rejects = 8
  depth = 0

Reading sequences...
Time: 0.00055 sec.
Seqs/sec: 21818.2

     1 0.984 0.984  0.98 0.987 0.984 0.978 0.978 0.987 0.984 0.984 0.283
 0.984     1 0.967 0.965  0.97 0.967 0.961 0.961 0.971 0.967 0.968 0.283
 0.984 0.967     1 0.964  0.97 0.967 0.961 0.963 0.971 0.969 0.967 0.285
  0.98 0.965 0.964     1 0.971 0.964 0.961 0.964 0.967 0.965 0.964 0.285
 0.987  0.97  0.97 0.971     1  0.97 0.967 0.968 0.974  0.97  0.97 0.285
 0.984 0.967 0.967 0.964  0.97     1 0.961 0.961  0.97 0.967 0.967 0.279
 0.978 0.961 0.961 0.961 0.967 0.961     1 0.958 0.966 0.963 0.961 0.281
 0.978 0.961 0.963 0.964 0.968 0.961 0.958     1 0.964 0.964 0.963 0.285
 0.987 0.971 0.971 0.967 0.974  0.97 0.966 0.964     1  0.97  0.97 0.283
 0.984 0.967 0.969 0.965  0.97 0.967 0.963 0.964  0.97     1 0.968 0.282
 0.984 0.968 0.967 0.964  0.97 0.967 0.961 0.963  0.97 0.968     1 0.285
 0.283 0.283 0.285 0.285 0.285 0.279 0.281 0.285 0.283 0.282 0.285     1
