     1  0.96  0.96  0.96 0.961 0.958 0.958 0.958 0.961 0.958 0.958 0.283
  0.96     1  0.93 0.924 0.924 0.921 0.929 0.921 0.923 0.929 0.925 0.291
  0.96  0.93     1 0.925 0.922 0.918 0.921 0.918 0.926 0.927  0.92 0.283
  0.96 0.924 0.925     1 0.922  0.92  0.92 0.919 0.923  0.92 0.921 0.286
 0.961 0.924 0.922 0.922     1 0.921 0.927 0.924 0.927 0.922  0.92 0.278
 0.958 0.921 0.918  0.92 0.921     1 0.925 0.921 0.926 0.922 0.917 0.275
 0.958 0.929 0.921  0.92 0.927 0.925     1 0.917 0.923 0.918 0.921 0.279
 0.958 0.921 0.918 0.919 0.924 0.921 0.917     1 0.927 0.919 0.917 0.286
 0.961 0.923 0.926 0.923 0.927 0.926 0.923 0.927     1 0.924 0.921 0.287
 0.958 0.929 0.927  0.92 0.922 0.922 0.918 0.919 0.924     1 0.922 0.287
 0.958 0.925  0.92 0.921  0.92 0.917 0.921 0.917 0.921 0.922     1  0.28
 0.283 0.291 0.283 0.286 0.278 0.275 0.279 0.286 0.287 0.287  0.28     1