Running with parameters: 
  k = 6
  id = 0.85
  max_rejects = 8
  depth = 0

Reading sequences...
Time: 0.000633 sec.
Seqs/sec: 18957.3

     1 0.944 0.947 0.944 0.941 0.944 0.947 0.941 0.945 0.945 0.946 0.283
 0.944     1 0.895 0.891 0.888 0.893 0.893 0.891 0.892 0.892 0.895 0.284
 0.947 0.895     1 0.894 0.897 0.903 0.901 0.897 0.894 0.903 0.894 0.279
 0.944 0.891 0.894     1 0.891 0.895 0.892  0.89 0.892 0.892 0.898 0.273
 0.941 0.888 0.897 0.891     1 0.889 0.895 0.887 0.894 0.892 0.895 0.286
 0.944 0.893 0.903 0.895 0.889     1 0.901 0.892 0.896 0.895 0.896 0.278
 0.947 0.893 0.901 0.892 0.895 0.901     1 0.901 0.897 0.896 0.897 0.289
 0.941 0.891 0.897  0.89 0.887 0.892 0.901     1 0.891   0.9 0.895 0.282
 0.945 0.892 0.894 0.892 0.894 0.896 0.897 0.891     1 0.893 0.894 0.287
 0.945 0.892 0.903 0.892 0.892 0.895 0.896   0.9 0.893     1 0.892 0.279
 0.946 0.895 0.894 0.898 0.895 0.896 0.897 0.895 0.894 0.892     1  0.28
 0.283 0.284 0.279 0.273 0.286 0.278 0.289 0.282 0.287 0.279  0.28     1
