Running with parameters: 
  k = 6
  id = 0.85
  max_rejects = 8
  depth = 0

Reading sequences...
Time: 0.000644 sec.
Seqs/sec: 18633.5

     1 0.889 0.887 0.893 0.902 0.894 0.894 0.895 0.891 0.889 0.897 0.283
 0.889     1 0.795 0.802 0.817 0.796 0.812 0.805 0.806 0.801  0.81 0.271
 0.887 0.795     1 0.813 0.806 0.803 0.811  0.81 0.811 0.794 0.804 0.263
 0.893 0.802 0.813     1 0.815 0.811 0.807 0.811 0.813 0.796 0.813 0.271
 0.902 0.817 0.806 0.815     1 0.818 0.807 0.821 0.813 0.807  0.82 0.287
 0.894 0.796 0.803 0.811 0.818     1 0.801 0.807 0.806 0.807 0.812 0.282
 0.894 0.812 0.811 0.807 0.807 0.801     1 0.814 0.804 0.804 0.817 0.279
 0.895 0.805  0.81 0.811 0.821 0.807 0.814     1 0.816 0.803 0.817 0.289
 0.891 0.806 0.811 0.813 0.813 0.806 0.804 0.816     1 0.806 0.818 0.275
 0.889 0.801 0.794 0.796 0.807 0.807 0.804 0.803 0.806     1  0.81 0.271
 0.897  0.81 0.804 0.813  0.82 0.812 0.817 0.817 0.818  0.81     1 0.298
 0.283 0.271 0.263 0.271 0.287 0.282 0.279 0.289 0.275 0.271 0.298     1
