 0 0.978402 0.764666 0.873895 0.873895 0.873895 0.874279 0.873846 0.847809 0.771796 0.763285 0.787252 0.81377 0.883209 0.883209 0.883209 0.883209 0.883209 0.880715 0.883209 0.883209 0.883209 0.883209 0.883209 0.883209 0.883209 0.883209 0.880715 0.883209 0.880715 0.883209 0.883209 0.883209 0.883209 0.764878 0.884131 0.857203 0.857203 0.864979 0.859738 0.867516 0.868365 0.850599 0.801713 0.864246 0.769031 0.789269 0.772036 0.848195 0.868204 0.848195 0.865301 0.864251 0.864014 0.867017 0.84774 0.863357 0.8682 0.862145 0.687953 0.689624 0.686025 0.768984 0.770041 0.83127 0.796424 0.731 0.784558 0.778908 0.782971 0.780194 0.780194 0.778806 0.78112 0.780657 0.777778 0.781944 0.787037 0.78138 0.72879 0.859064 0.863594 0.863065 0.863065 0.870051 0.863065 0.863065 0.870051 0.863065 0.870051 0.863065 0.863065 0.863996 0.864462 0.863065 0.874651 0.865331 0.866263 0.862471 0.860075
 0.978402 0 0.76295 0.869281 0.869281 0.869281 0.869666 0.869231 0.846215 0.76818 0.758857 0.785182 0.814185 0.880299 0.880299 0.880299 0.880299 0.880299 0.879468 0.880299 0.880299 0.880299 0.880299 0.880299 0.880299 0.880299 0.880299 0.879468 0.880299 0.879468 0.880299 0.880299 0.880299 0.880299 0.765298 0.882872 0.855103 0.855103 0.864557 0.857203 0.866242 0.867091 0.849315 0.801285 0.85949 0.771194 0.789269 0.771168 0.84863 0.868639 0.84863 0.866173 0.865124 0.864889 0.867454 0.848179 0.863796 0.864219 0.859486 0.689312 0.691436 0.687387 0.767155 0.767751 0.831729 0.797341 0.731921 0.782247 0.777521 0.780657 0.777881 0.777881 0.776492 0.779269 0.778343 0.776389 0.77963 0.784259 0.779064 0.727863 0.857209 0.860801 0.860736 0.860736 0.867722 0.860736 0.861202 0.868188 0.860736 0.867722 0.861202 0.860736 0.861667 0.862133 0.860736 0.868127 0.863001 0.863933 0.860606 0.858675
 0.764666 0.76295 0 0.808535 0.808535 0.808535 0.808151 0.808077 0.801594 0.801928 0.789855 0.80505 0.864786 0.803408 0.803408 0.803408 0.803408 0.803408 0.800083 0.803408 0.803408 0.803408 0.803408 0.803408 0.803408 0.803408 0.803408 0.800083 0.803408 0.800083 0.803408 0.803408 0.803408 0.803408 0.795893 0.801427 0.814364 0.814364 0.806751 0.808619 0.805945 0.808917 0.808647 0.813704 0.814959 0.790657 0.81826 0.791576 0.810787 0.805568 0.810787 0.806452 0.804889 0.804985 0.806212 0.80781 0.8058 0.80628 0.812943 0.759058 0.758043 0.760889 0.828454 0.82547 0.806969 0.814305 0.791801 0.82663 0.827475 0.828783 0.82832 0.82832 0.825544 0.82832 0.826469 0.826852 0.825463 0.828704 0.825845 0.821975 0.811312 0.811453 0.812296 0.812296 0.809967 0.812296 0.81183 0.80531 0.812296 0.810433 0.81183 0.812296 0.812296 0.81183 0.812296 0.809413 0.811743 0.810345 0.812121 0.810168
 0.873895 0.869281 0.808535 0 1 1 0.990004 0.988846 0.872112 0.798313 0.805153 0.82202 0.854002 0.908562 0.908562 0.908562 0.908562 0.908562 0.907315 0.908562 0.908562 0.908562 0.908562 0.908562 0.908562 0.908562 0.908562 0.907315 0.908562 0.907315 0.908562 0.908562 0.908562 0.908562 0.812238 0.90974 0.915162 0.915162 0.906751 0.920575 0.900212 0.903185 0.868151 0.8394 0.941634 0.812284 0.828646 0.792879 0.855589 0.899957 0.855589 0.900174 0.900044 0.899432 0.900262 0.856516 0.899385 0.920831 0.947252 0.715127 0.717716 0.712795 0.805581 0.804398 0.834021 0.814764 0.763703 0.818308 0.812673 0.813975 0.810736 0.810736 0.808885 0.817214 0.812587 0.813426 0.8125 0.817593 0.811487 0.76866 0.928141 0.986965 0.98789 0.98789 0.974383 0.98789 0.986959 0.925477 0.98789 0.972986 0.986959 0.98789 0.988356 0.989753 0.98789 0.929171 0.975303 0.974837 0.986946 0.935634
 0.873895 0.869281 0.808535 1 0 1 0.990004 0.988846 0.872112 0.798313 0.805153 0.82202 0.854002 0.908562 0.908562 0.908562 0.908562 0.908562 0.907315 0.908562 0.908562 0.908562 0.908562 0.908562 0.908562 0.908562 0.908562 0.907315 0.908562 0.907315 0.908562 0.908562 0.908562 0.908562 0.812238 0.90974 0.915162 0.915162 0.906751 0.920575 0.900212 0.903185 0.868151 0.8394 0.941634 0.812284 0.828646 0.792879 0.855589 0.899957 0.855589 0.900174 0.900044 0.899432 0.900262 0.856516 0.899385 0.920831 0.947252 0.715127 0.717716 0.712795 0.805581 0.804398 0.834021 0.814764 0.763703 0.818308 0.812673 0.813975 0.810736 0.810736 0.808885 0.817214 0.812587 0.813426 0.8125 0.817593 0.811487 0.76866 0.928141 0.986965 0.98789 0.98789 0.974383 0.98789 0.986959 0.925477 0.98789 0.972986 0.986959 0.98789 0.988356 0.989753 0.98789 0.929171 0.975303 0.974837 0.986946 0.935634
 0.873895 0.869281 0.808535 1 1 0 0.990004 0.988846 0.872112 0.798313 0.805153 0.82202 0.854002 0.908562 0.908562 0.908562 0.908562 0.908562 0.907315 0.908562 0.908562 0.908562 0.908562 0.908562 0.908562 0.908562 0.908562 0.907315 0.908562 0.907315 0.908562 0.908562 0.908562 0.908562 0.812238 0.90974 0.915162 0.915162 0.906751 0.920575 0.900212 0.903185 0.868151 0.8394 0.941634 0.812284 0.828646 0.792879 0.855589 0.899957 0.855589 0.900174 0.900044 0.899432 0.900262 0.856516 0.899385 0.920831 0.947252 0.715127 0.717716 0.712795 0.805581 0.804398 0.834021 0.814764 0.763703 0.818308 0.812673 0.813975 0.810736 0.810736 0.808885 0.817214 0.812587 0.813426 0.8125 0.817593 0.811487 0.76866 0.928141 0.986965 0.98789 0.98789 0.974383 0.98789 0.986959 0.925477 0.98789 0.972986 0.986959 0.98789 0.988356 0.989753 0.98789 0.929171 0.975303 0.974837 0.986946 0.935634
 0.874279 0.869666 0.808151 0.990004 0.990004 0.990004 0 0.998462 0.871713 0.799518 0.806763 0.823675 0.856076 0.908562 0.908562 0.908562 0.908562 0.908562 0.906899 0.908562 0.908562 0.908562 0.908562 0.908562 0.908562 0.908562 0.908562 0.906899 0.908562 0.906899 0.908562 0.908562 0.908562 0.908562 0.812238 0.91016 0.913902 0.913902 0.905907 0.917195 0.900212 0.902335 0.868579 0.838116 0.944228 0.812284 0.830376 0.79505 0.856024 0.899957 0.856024 0.900174 0.900044 0.899869 0.900262 0.857394 0.898946 0.923485 0.950798 0.716033 0.719076 0.714156 0.806953 0.80623 0.833563 0.816598 0.764164 0.81877 0.812673 0.814901 0.811199 0.811199 0.809348 0.817214 0.812587 0.813426 0.812963 0.818519 0.81195 0.770978 0.925823 0.995345 1 1 0.966931 1 0.998137 0.928272 1 0.965999 0.998137 1 0.99674 0.998137 1 0.930103 0.965983 0.965517 0.994406 0.933769
 0.873846 0.869231 0.808077 0.988846 0.988846 0.988846 0.998462 0 0.871315 0.799116 0.805153 0.824917 0.856076 0.908146 0.908146 0.908146 0.908146 0.908146 0.906484 0.908146 0.908146 0.908146 0.908146 0.908146 0.908146 0.908146 0.908146 0.906484 0.908146 0.906484 0.908146 0.908146 0.908146 0.908146 0.812238 0.90932 0.913062 0.913062 0.905063 0.915927 0.900212 0.902335 0.868151 0.836403 0.942931 0.811851 0.829078 0.794182 0.855589 0.899087 0.855589 0.899738 0.900044 0.899432 0.899825 0.857394 0.898067 0.922158 0.949025 0.716033 0.719076 0.713702 0.806038 0.805314 0.833563 0.815222 0.764164 0.81877 0.812673 0.814438 0.810736 0.810736 0.808885 0.816289 0.812124 0.813426 0.812963 0.818519 0.81195 0.770978 0.925359 0.993482 0.998137 0.998137 0.965999 0.998137 0.996274 0.929204 0.998137 0.965068 0.996274 0.998137 0.994877 0.996274 0.998137 0.930103 0.965051 0.964585 0.993473 0.932836
 0.847809 0.846215 0.801594 0.872112 0.872112 0.872112 0.871713 0.871315 0 0.801527 0.788647 0.800083 0.84156 0.872818 0.872818 0.872818 0.872818 0.872818 0.871155 0.872818 0.872818 0.872818 0.872818 0.872818 0.872818 0.872818 0.872818 0.871155 0.872818 0.871155 0.872818 0.872818 0.872818 0.872818 0.792121 0.871956 0.866443 0.866443 0.866667 0.863118 0.868365 0.870064 0.946918 0.833833 0.866407 0.809689 0.820857 0.79201 0.891692 0.871248 0.891692 0.865737 0.871672 0.871885 0.867017 0.894691 0.866872 0.868642 0.867465 0.702446 0.704576 0.701906 0.797804 0.797526 0.841357 0.8221 0.756333 0.81877 0.814061 0.815363 0.812124 0.812124 0.81305 0.817677 0.814438 0.814352 0.816204 0.822222 0.814266 0.759388 0.872972 0.86825 0.868654 0.868654 0.869585 0.868654 0.869585 0.867722 0.868654 0.870517 0.869585 0.868654 0.867257 0.868188 0.868654 0.869525 0.869059 0.869525 0.867133 0.866138
 0.771796 0.76818 0.801928 0.798313 0.798313 0.798313 0.799518 0.799116 0.801527 0 0.78744 0.783113 0.820821 0.784705 0.784705 0.784705 0.784705 0.784705 0.784289 0.784705 0.784705 0.784705 0.784705 0.784705 0.784705 0.784705 0.784705 0.784289 0.784705 0.784289 0.784705 0.784705 0.784705 0.784705 0.774099 0.786734 0.800084 0.800084 0.797046 0.809463 0.788535 0.78896 0.818493 0.801713 0.803718 0.784602 0.803116 0.787234 0.788604 0.798173 0.787734 0.79163 0.793976 0.792742 0.791339 0.791136 0.789104 0.799646 0.803635 0.761322 0.759402 0.760436 0.823422 0.823179 0.804218 0.796424 0.79088 0.830791 0.834413 0.832948 0.834336 0.834336 0.834799 0.830634 0.835261 0.833796 0.833333 0.833333 0.835109 0.775614 0.803894 0.807728 0.807173 0.807173 0.80531 0.807173 0.807173 0.796926 0.807173 0.806241 0.807173 0.807173 0.807639 0.807173 0.807173 0.801025 0.807083 0.808015 0.807925 0.809701
 0.763285 0.758857 0.789855 0.805153 0.805153 0.805153 0.806763 0.805153 0.788647 0.78744 0 0.807119 0.819992 0.793849 0.793849 0.793849 0.793849 0.793849 0.795096 0.793849 0.793849 0.793849 0.793849 0.793849 0.793849 0.793849 0.793849 0.795096 0.793849 0.795096 0.793849 0.793849 0.793849 0.793849 0.833194 0.792191 0.803444 0.803444 0.802954 0.807774 0.796603 0.796603 0.800514 0.820985 0.806744 0.810554 0.900909 0.808511 0.779469 0.798173 0.778599 0.79381 0.798341 0.798863 0.793963 0.780606 0.795694 0.811146 0.803191 0.72962 0.72995 0.72686 0.855901 0.853871 0.776249 0.827602 0.812068 0.847896 0.850139 0.843591 0.852846 0.852846 0.849144 0.851458 0.850532 0.853704 0.850463 0.846296 0.850394 0.805285 0.799258 0.802607 0.803912 0.803912 0.802515 0.803912 0.804844 0.802049 0.803912 0.803447 0.804844 0.803912 0.802049 0.802981 0.803912 0.812675 0.801957 0.804753 0.802331 0.804104
 0.787252 0.785182 0.80505 0.82202 0.82202 0.82202 0.823675 0.824917 0.800083 0.783113 0.807119 0 0.815844 0.806318 0.806318 0.806318 0.806318 0.806318 0.808811 0.806318 0.806318 0.806318 0.806318 0.806318 0.806318 0.806318 0.806318 0.808811 0.806318 0.808811 0.806318 0.806318 0.806318 0.806318 0.832775 0.804786 0.826123 0.826123 0.800422 0.82256 0.797028 0.797877 0.805651 0.827837 0.821876 0.802336 0.816962 0.781155 0.788169 0.797303 0.787734 0.795118 0.796159 0.795802 0.794838 0.783677 0.792179 0.816895 0.823138 0.75317 0.757136 0.756806 0.808326 0.80852 0.805135 0.804677 0.797789 0.816459 0.814986 0.818602 0.813975 0.813975 0.81305 0.813975 0.813512 0.815741 0.814352 0.82037 0.813803 0.789522 0.819193 0.819832 0.820214 0.820214 0.819748 0.820214 0.82068 0.812296 0.820214 0.820214 0.82068 0.820214 0.819748 0.819283 0.820214 0.815471 0.818267 0.818733 0.819114 0.816698
 0.81377 0.814185 0.864786 0.854002 0.854002 0.854002 0.856076 0.856076 0.84156 0.820821 0.819992 0.815844 0 0.829177 0.829177 0.829177 0.829177 0.829177 0.832502 0.829177 0.829177 0.829177 0.829177 0.829177 0.829177 0.829177 0.829177 0.832502 0.829177 0.832502 0.829177 0.829177 0.829177 0.829177 0.816429 0.827456 0.853003 0.853003 0.839241 0.847486 0.839915 0.841189 0.855736 0.843683 0.850843 0.814446 0.839463 0.821971 0.842975 0.836451 0.84254 0.839582 0.837189 0.835155 0.838583 0.841597 0.836116 0.843432 0.847961 0.745018 0.746262 0.745009 0.842177 0.840586 0.848235 0.833104 0.795486 0.848359 0.846438 0.847293 0.846367 0.846367 0.844979 0.84683 0.845905 0.846759 0.847685 0.849537 0.846688 0.810385 0.847937 0.844507 0.843968 0.843968 0.844434 0.843968 0.8449 0.838845 0.843968 0.8449 0.8449 0.843968 0.844434 0.843968 0.843968 0.8411 0.84343 0.844828 0.845221 0.834888
 0.883209 0.880299 0.803408 0.908562 0.908562 0.908562 0.908562 0.908146 0.872818 0.784705 0.793849 0.806318 0.829177 0 1 1 1 1 0.979634 1 1 1 1 1 1 1 1 0.979634 1 0.979634 1 1 1 1 0.797988 0.990764 0.897942 0.897942 0.905485 0.899873 0.903609 0.905732 0.873716 0.828694 0.901427 0.803201 0.808308 0.784195 0.859504 0.905176 0.859939 0.904969 0.905718 0.904679 0.905512 0.859588 0.902021 0.909332 0.898936 0.700181 0.70367 0.697822 0.784081 0.783784 0.834021 0.802843 0.742976 0.79889 0.794635 0.795928 0.795465 0.795465 0.791763 0.799167 0.795465 0.794907 0.796759 0.801852 0.797128 0.749652 0.898006 0.900838 0.902189 0.902189 0.905449 0.902189 0.903586 0.920354 0.902189 0.905915 0.903586 0.902189 0.901258 0.902189 0.902189 0.909133 0.90261 0.904007 0.902098 0.900187
 0.883209 0.880299 0.803408 0.908562 0.908562 0.908562 0.908562 0.908146 0.872818 0.784705 0.793849 0.806318 0.829177 1 0 1 1 1 0.979634 1 1 1 1 1 1 1 1 0.979634 1 0.979634 1 1 1 1 0.797988 0.990764 0.897942 0.897942 0.905485 0.899873 0.903609 0.905732 0.873716 0.828694 0.901427 0.803201 0.808308 0.784195 0.859504 0.905176 0.859939 0.904969 0.905718 0.904679 0.905512 0.859588 0.902021 0.909332 0.898936 0.700181 0.70367 0.697822 0.784081 0.783784 0.834021 0.802843 0.742976 0.79889 0.794635 0.795928 0.795465 0.795465 0.791763 0.799167 0.795465 0.794907 0.796759 0.801852 0.797128 0.749652 0.898006 0.900838 0.902189 0.902189 0.905449 0.902189 0.903586 0.920354 0.902189 0.905915 0.903586 0.902189 0.901258 0.902189 0.902189 0.909133 0.90261 0.904007 0.902098 0.900187
 0.883209 0.880299 0.803408 0.908562 0.908562 0.908562 0.908562 0.908146 0.872818 0.784705 0.793849 0.806318 0.829177 1 1 0 1 1 0.979634 1 1 1 1 1 1 1 1 0.979634 1 0.979634 1 1 1 1 0.797988 0.990764 0.897942 0.897942 0.905485 0.899873 0.903609 0.905732 0.873716 0.828694 0.901427 0.803201 0.808308 0.784195 0.859504 0.905176 0.859939 0.904969 0.905718 0.904679 0.905512 0.859588 0.902021 0.909332 0.898936 0.700181 0.70367 0.697822 0.784081 0.783784 0.834021 0.802843 0.742976 0.79889 0.794635 0.795928 0.795465 0.795465 0.791763 0.799167 0.795465 0.794907 0.796759 0.801852 0.797128 0.749652 0.898006 0.900838 0.902189 0.902189 0.905449 0.902189 0.903586 0.920354 0.902189 0.905915 0.903586 0.902189 0.901258 0.902189 0.902189 0.909133 0.90261 0.904007 0.902098 0.900187
 0.883209 0.880299 0.803408 0.908562 0.908562 0.908562 0.908562 0.908146 0.872818 0.784705 0.793849 0.806318 0.829177 1 1 1 0 1 0.979634 1 1 1 1 1 1 1 1 0.979634 1 0.979634 1 1 1 1 0.797988 0.990764 0.897942 0.897942 0.905485 0.899873 0.903609 0.905732 0.873716 0.828694 0.901427 0.803201 0.808308 0.784195 0.859504 0.905176 0.859939 0.904969 0.905718 0.904679 0.905512 0.859588 0.902021 0.909332 0.898936 0.700181 0.70367 0.697822 0.784081 0.783784 0.834021 0.802843 0.742976 0.79889 0.794635 0.795928 0.795465 0.795465 0.791763 0.799167 0.795465 0.794907 0.796759 0.801852 0.797128 0.749652 0.898006 0.900838 0.902189 0.902189 0.905449 0.902189 0.903586 0.920354 0.902189 0.905915 0.903586 0.902189 0.901258 0.902189 0.902189 0.909133 0.90261 0.904007 0.902098 0.900187
 0.883209 0.880299 0.803408 0.908562 0.908562 0.908562 0.908562 0.908146 0.872818 0.784705 0.793849 0.806318 0.829177 1 1 1 1 0 0.979634 1 1 1 1 1 1 1 1 0.979634 1 0.979634 1 1 1 1 0.797988 0.990764 0.897942 0.897942 0.905485 0.899873 0.903609 0.905732 0.873716 0.828694 0.901427 0.803201 0.808308 0.784195 0.859504 0.905176 0.859939 0.904969 0.905718 0.904679 0.905512 0.859588 0.902021 0.909332 0.898936 0.700181 0.70367 0.697822 0.784081 0.783784 0.834021 0.802843 0.742976 0.79889 0.794635 0.795928 0.795465 0.795465 0.791763 0.799167 0.795465 0.794907 0.796759 0.801852 0.797128 0.749652 0.898006 0.900838 0.902189 0.902189 0.905449 0.902189 0.903586 0.920354 0.902189 0.905915 0.903586 0.902189 0.901258 0.902189 0.902189 0.909133 0.90261 0.904007 0.902098 0.900187
 0.880715 0.879468 0.800083 0.907315 0.907315 0.907315 0.906899 0.906484 0.871155 0.784289 0.795096 0.808811 0.832502 0.979634 0.979634 0.979634 0.979634 0.979634 0 0.979634 0.979634 0.979634 0.979634 0.979634 0.979634 0.979634 0.979634 1 0.979634 1 0.979634 0.979634 0.979634 0.979634 0.803437 0.973971 0.898362 0.898362 0.905485 0.900296 0.90276 0.904459 0.875 0.831263 0.900994 0.804498 0.81177 0.785931 0.861244 0.903436 0.861679 0.903226 0.903099 0.90293 0.903762 0.860904 0.900703 0.908005 0.898936 0.702899 0.707295 0.700544 0.787283 0.787448 0.837689 0.80376 0.742515 0.802127 0.796485 0.800093 0.798242 0.798242 0.795002 0.802406 0.798242 0.797685 0.799537 0.805556 0.799907 0.753825 0.896616 0.900372 0.900326 0.900326 0.906381 0.900326 0.901258 0.925477 0.900326 0.906847 0.901258 0.900326 0.900326 0.900326 0.900326 0.908201 0.903075 0.904473 0.900699 0.897854
 0.883209 0.880299 0.803408 0.908562 0.908562 0.908562 0.908562 0.908146 0.872818 0.784705 0.793849 0.806318 0.829177 1 1 1 1 1 0.979634 0 1 1 1 1 1 1 1 0.979634 1 0.979634 1 1 1 1 0.797988 0.990764 0.897942 0.897942 0.905485 0.899873 0.903609 0.905732 0.873716 0.828694 0.901427 0.803201 0.808308 0.784195 0.859504 0.905176 0.859939 0.904969 0.905718 0.904679 0.905512 0.859588 0.902021 0.909332 0.898936 0.700181 0.70367 0.697822 0.784081 0.783784 0.834021 0.802843 0.742976 0.79889 0.794635 0.795928 0.795465 0.795465 0.791763 0.799167 0.795465 0.794907 0.796759 0.801852 0.797128 0.749652 0.898006 0.900838 0.902189 0.902189 0.905449 0.902189 0.903586 0.920354 0.902189 0.905915 0.903586 0.902189 0.901258 0.902189 0.902189 0.909133 0.90261 0.904007 0.902098 0.900187
 0.883209 0.880299 0.803408 0.908562 0.908562 0.908562 0.908562 0.908146 0.872818 0.784705 0.793849 0.806318 0.829177 1 1 1 1 1 0.979634 1 0 1 1 1 1 1 1 0.979634 1 0.979634 1 1 1 1 0.797988 0.990764 0.897942 0.897942 0.905485 0.899873 0.903609 0.905732 0.873716 0.828694 0.901427 0.803201 0.808308 0.784195 0.859504 0.905176 0.859939 0.904969 0.905718 0.904679 0.905512 0.859588 0.902021 0.909332 0.898936 0.700181 0.70367 0.697822 0.784081 0.783784 0.834021 0.802843 0.742976 0.79889 0.794635 0.795928 0.795465 0.795465 0.791763 0.799167 0.795465 0.794907 0.796759 0.801852 0.797128 0.749652 0.898006 0.900838 0.902189 0.902189 0.905449 0.902189 0.903586 0.920354 0.902189 0.905915 0.903586 0.902189 0.901258 0.902189 0.902189 0.909133 0.90261 0.904007 0.902098 0.900187
 0.883209 0.880299 0.803408 0.908562 0.908562 0.908562 0.908562 0.908146 0.872818 0.784705 0.793849 0.806318 0.829177 1 1 1 1 1 0.979634 1 1 0 1 1 1 1 1 0.979634 1 0.979634 1 1 1 1 0.797988 0.990764 0.897942 0.897942 0.905485 0.899873 0.903609 0.905732 0.873716 0.828694 0.901427 0.803201 0.808308 0.784195 0.859504 0.905176 0.859939 0.904969 0.905718 0.904679 0.905512 0.859588 0.902021 0.909332 0.898936 0.700181 0.70367 0.697822 0.784081 0.783784 0.834021 0.802843 0.742976 0.79889 0.794635 0.795928 0.795465 0.795465 0.791763 0.799167 0.795465 0.794907 0.796759 0.801852 0.797128 0.749652 0.898006 0.900838 0.902189 0.902189 0.905449 0.902189 0.903586 0.920354 0.902189 0.905915 0.903586 0.902189 0.901258 0.902189 0.902189 0.909133 0.90261 0.904007 0.902098 0.900187
 0.883209 0.880299 0.803408 0.908562 0.908562 0.908562 0.908562 0.908146 0.872818 0.784705 0.793849 0.806318 0.829177 1 1 1 1 1 0.979634 1 1 1 0 1 1 1 1 0.979634 1 0.979634 1 1 1 1 0.797988 0.990764 0.897942 0.897942 0.905485 0.899873 0.903609 0.905732 0.873716 0.828694 0.901427 0.803201 0.808308 0.784195 0.859504 0.905176 0.859939 0.904969 0.905718 0.904679 0.905512 0.859588 0.902021 0.909332 0.898936 0.700181 0.70367 0.697822 0.784081 0.783784 0.834021 0.802843 0.742976 0.79889 0.794635 0.795928 0.795465 0.795465 0.791763 0.799167 0.795465 0.794907 0.796759 0.801852 0.797128 0.749652 0.898006 0.900838 0.902189 0.902189 0.905449 0.902189 0.903586 0.920354 0.902189 0.905915 0.903586 0.902189 0.901258 0.902189 0.902189 0.909133 0.90261 0.904007 0.902098 0.900187
 0.883209 0.880299 0.803408 0.908562 0.908562 0.908562 0.908562 0.908146 0.872818 0.784705 0.793849 0.806318 0.829177 1 1 1 1 1 0.979634 1 1 1 1 0 1 1 1 0.979634 1 0.979634 1 1 1 1 0.797988 0.990764 0.897942 0.897942 0.905485 0.899873 0.903609 0.905732 0.873716 0.828694 0.901427 0.803201 0.808308 0.784195 0.859504 0.905176 0.859939 0.904969 0.905718 0.904679 0.905512 0.859588 0.902021 0.909332 0.898936 0.700181 0.70367 0.697822 0.784081 0.783784 0.834021 0.802843 0.742976 0.79889 0.794635 0.795928 0.795465 0.795465 0.791763 0.799167 0.795465 0.794907 0.796759 0.801852 0.797128 0.749652 0.898006 0.900838 0.902189 0.902189 0.905449 0.902189 0.903586 0.920354 0.902189 0.905915 0.903586 0.902189 0.901258 0.902189 0.902189 0.909133 0.90261 0.904007 0.902098 0.900187
 0.883209 0.880299 0.803408 0.908562 0.908562 0.908562 0.908562 0.908146 0.872818 0.784705 0.793849 0.806318 0.829177 1 1 1 1 1 0.979634 1 1 1 1 1 0 1 1 0.979634 1 0.979634 1 1 1 1 0.797988 0.990764 0.897942 0.897942 0.905485 0.899873 0.903609 0.905732 0.873716 0.828694 0.901427 0.803201 0.808308 0.784195 0.859504 0.905176 0.859939 0.904969 0.905718 0.904679 0.905512 0.859588 0.902021 0.909332 0.898936 0.700181 0.70367 0.697822 0.784081 0.783784 0.834021 0.802843 0.742976 0.79889 0.794635 0.795928 0.795465 0.795465 0.791763 0.799167 0.795465 0.794907 0.796759 0.801852 0.797128 0.749652 0.898006 0.900838 0.902189 0.902189 0.905449 0.902189 0.903586 0.920354 0.902189 0.905915 0.903586 0.902189 0.901258 0.902189 0.902189 0.909133 0.90261 0.904007 0.902098 0.900187
 0.883209 0.880299 0.803408 0.908562 0.908562 0.908562 0.908562 0.908146 0.872818 0.784705 0.793849 0.806318 0.829177 1 1 1 1 1 0.979634 1 1 1 1 1 1 0 1 0.979634 1 0.979634 1 1 1 1 0.797988 0.990764 0.897942 0.897942 0.905485 0.899873 0.903609 0.905732 0.873716 0.828694 0.901427 0.803201 0.808308 0.784195 0.859504 0.905176 0.859939 0.904969 0.905718 0.904679 0.905512 0.859588 0.902021 0.909332 0.898936 0.700181 0.70367 0.697822 0.784081 0.783784 0.834021 0.802843 0.742976 0.79889 0.794635 0.795928 0.795465 0.795465 0.791763 0.799167 0.795465 0.794907 0.796759 0.801852 0.797128 0.749652 0.898006 0.900838 0.902189 0.902189 0.905449 0.902189 0.903586 0.920354 0.902189 0.905915 0.903586 0.902189 0.901258 0.902189 0.902189 0.909133 0.90261 0.904007 0.902098 0.900187
 0.883209 0.880299 0.803408 0.908562 0.908562 0.908562 0.908562 0.908146 0.872818 0.784705 0.793849 0.806318 0.829177 1 1 1 1 1 0.979634 1 1 1 1 1 1 1 0 0.979634 1 0.979634 1 1 1 1 0.797988 0.990764 0.897942 0.897942 0.905485 0.899873 0.903609 0.905732 0.873716 0.828694 0.901427 0.803201 0.808308 0.784195 0.859504 0.905176 0.859939 0.904969 0.905718 0.904679 0.905512 0.859588 0.902021 0.909332 0.898936 0.700181 0.70367 0.697822 0.784081 0.783784 0.834021 0.802843 0.742976 0.79889 0.794635 0.795928 0.795465 0.795465 0.791763 0.799167 0.795465 0.794907 0.796759 0.801852 0.797128 0.749652 0.898006 0.900838 0.902189 0.902189 0.905449 0.902189 0.903586 0.920354 0.902189 0.905915 0.903586 0.902189 0.901258 0.902189 0.902189 0.909133 0.90261 0.904007 0.902098 0.900187
 0.880715 0.879468 0.800083 0.907315 0.907315 0.907315 0.906899 0.906484 0.871155 0.784289 0.795096 0.808811 0.832502 0.979634 0.979634 0.979634 0.979634 0.979634 1 0.979634 0.979634 0.979634 0.979634 0.979634 0.979634 0.979634 0.979634 0 0.979634 1 0.979634 0.979634 0.979634 0.979634 0.803437 0.973971 0.898362 0.898362 0.905485 0.900296 0.90276 0.904459 0.875 0.831263 0.900994 0.804498 0.81177 0.785931 0.861244 0.903436 0.861679 0.903226 0.903099 0.90293 0.903762 0.860904 0.900703 0.908005 0.898936 0.702899 0.707295 0.700544 0.787283 0.787448 0.837689 0.80376 0.742515 0.802127 0.796485 0.800093 0.798242 0.798242 0.795002 0.802406 0.798242 0.797685 0.799537 0.805556 0.799907 0.753825 0.896616 0.900372 0.900326 0.900326 0.906381 0.900326 0.901258 0.925477 0.900326 0.906847 0.901258 0.900326 0.900326 0.900326 0.900326 0.908201 0.903075 0.904473 0.900699 0.897854
 0.883209 0.880299 0.803408 0.908562 0.908562 0.908562 0.908562 0.908146 0.872818 0.784705 0.793849 0.806318 0.829177 1 1 1 1 1 0.979634 1 1 1 1 1 1 1 1 0.979634 0 0.979634 1 1 1 1 0.797988 0.990764 0.897942 0.897942 0.905485 0.899873 0.903609 0.905732 0.873716 0.828694 0.901427 0.803201 0.808308 0.784195 0.859504 0.905176 0.859939 0.904969 0.905718 0.904679 0.905512 0.859588 0.902021 0.909332 0.898936 0.700181 0.70367 0.697822 0.784081 0.783784 0.834021 0.802843 0.742976 0.79889 0.794635 0.795928 0.795465 0.795465 0.791763 0.799167 0.795465 0.794907 0.796759 0.801852 0.797128 0.749652 0.898006 0.900838 0.902189 0.902189 0.905449 0.902189 0.903586 0.920354 0.902189 0.905915 0.903586 0.902189 0.901258 0.902189 0.902189 0.909133 0.90261 0.904007 0.902098 0.900187
 0.880715 0.879468 0.800083 0.907315 0.907315 0.907315 0.906899 0.906484 0.871155 0.784289 0.795096 0.808811 0.832502 0.979634 0.979634 0.979634 0.979634 0.979634 1 0.979634 0.979634 0.979634 0.979634 0.979634 0.979634 0.979634 0.979634 1 0.979634 0 0.979634 0.979634 0.979634 0.979634 0.803437 0.973971 0.898362 0.898362 0.905485 0.900296 0.90276 0.904459 0.875 0.831263 0.900994 0.804498 0.81177 0.785931 0.861244 0.903436 0.861679 0.903226 0.903099 0.90293 0.903762 0.860904 0.900703 0.908005 0.898936 0.702899 0.707295 0.700544 0.787283 0.787448 0.837689 0.80376 0.742515 0.802127 0.796485 0.800093 0.798242 0.798242 0.795002 0.802406 0.798242 0.797685 0.799537 0.805556 0.799907 0.753825 0.896616 0.900372 0.900326 0.900326 0.906381 0.900326 0.901258 0.925477 0.900326 0.906847 0.901258 0.900326 0.900326 0.900326 0.900326 0.908201 0.903075 0.904473 0.900699 0.897854
 0.883209 0.880299 0.803408 0.908562 0.908562 0.908562 0.908562 0.908146 0.872818 0.784705 0.793849 0.806318 0.829177 1 1 1 1 1 0.979634 1 1 1 1 1 1 1 1 0.979634 1 0.979634 0 1 1 1 0.797988 0.990764 0.897942 0.897942 0.905485 0.899873 0.903609 0.905732 0.873716 0.828694 0.901427 0.803201 0.808308 0.784195 0.859504 0.905176 0.859939 0.904969 0.905718 0.904679 0.905512 0.859588 0.902021 0.909332 0.898936 0.700181 0.70367 0.697822 0.784081 0.783784 0.834021 0.802843 0.742976 0.79889 0.794635 0.795928 0.795465 0.795465 0.791763 0.799167 0.795465 0.794907 0.796759 0.801852 0.797128 0.749652 0.898006 0.900838 0.902189 0.902189 0.905449 0.902189 0.903586 0.920354 0.902189 0.905915 0.903586 0.902189 0.901258 0.902189 0.902189 0.909133 0.90261 0.904007 0.902098 0.900187
 0.883209 0.880299 0.803408 0.908562 0.908562 0.908562 0.908562 0.908146 0.872818 0.784705 0.793849 0.806318 0.829177 1 1 1 1 1 0.979634 1 1 1 1 1 1 1 1 0.979634 1 0.979634 1 0 1 1 0.797988 0.990764 0.897942 0.897942 0.905485 0.899873 0.903609 0.905732 0.873716 0.828694 0.901427 0.803201 0.808308 0.784195 0.859504 0.905176 0.859939 0.904969 0.905718 0.904679 0.905512 0.859588 0.902021 0.909332 0.898936 0.700181 0.70367 0.697822 0.784081 0.783784 0.834021 0.802843 0.742976 0.79889 0.794635 0.795928 0.795465 0.795465 0.791763 0.799167 0.795465 0.794907 0.796759 0.801852 0.797128 0.749652 0.898006 0.900838 0.902189 0.902189 0.905449 0.902189 0.903586 0.920354 0.902189 0.905915 0.903586 0.902189 0.901258 0.902189 0.902189 0.909133 0.90261 0.904007 0.902098 0.900187
 0.883209 0.880299 0.803408 0.908562 0.908562 0.908562 0.908562 0.908146 0.872818 0.784705 0.793849 0.806318 0.829177 1 1 1 1 1 0.979634 1 1 1 1 1 1 1 1 0.979634 1 0.979634 1 1 0 1 0.797988 0.990764 0.897942 0.897942 0.905485 0.899873 0.903609 0.905732 0.873716 0.828694 0.901427 0.803201 0.808308 0.784195 0.859504 0.905176 0.859939 0.904969 0.905718 0.904679 0.905512 0.859588 0.902021 0.909332 0.898936 0.700181 0.70367 0.697822 0.784081 0.783784 0.834021 0.802843 0.742976 0.79889 0.794635 0.795928 0.795465 0.795465 0.791763 0.799167 0.795465 0.794907 0.796759 0.801852 0.797128 0.749652 0.898006 0.900838 0.902189 0.902189 0.905449 0.902189 0.903586 0.920354 0.902189 0.905915 0.903586 0.902189 0.901258 0.902189 0.902189 0.909133 0.90261 0.904007 0.902098 0.900187
 0.883209 0.880299 0.803408 0.908562 0.908562 0.908562 0.908562 0.908146 0.872818 0.784705 0.793849 0.806318 0.829177 1 1 1 1 1 0.979634 1 1 1 1 1 1 1 1 0.979634 1 0.979634 1 1 1 0 0.797988 0.990764 0.897942 0.897942 0.905485 0.899873 0.903609 0.905732 0.873716 0.828694 0.901427 0.803201 0.808308 0.784195 0.859504 0.905176 0.859939 0.904969 0.905718 0.904679 0.905512 0.859588 0.902021 0.909332 0.898936 0.700181 0.70367 0.697822 0.784081 0.783784 0.834021 0.802843 0.742976 0.79889 0.794635 0.795928 0.795465 0.795465 0.791763 0.799167 0.795465 0.794907 0.796759 0.801852 0.797128 0.749652 0.898006 0.900838 0.902189 0.902189 0.905449 0.902189 0.903586 0.920354 0.902189 0.905915 0.903586 0.902189 0.901258 0.902189 0.902189 0.909133 0.90261 0.904007 0.902098 0.900187
 0.764878 0.765298 0.795893 0.812238 0.812238 0.812238 0.812238 0.812238 0.792121 0.774099 0.833194 0.832775 0.816429 0.797988 0.797988 0.797988 0.797988 0.797988 0.803437 0.797988 0.797988 0.797988 0.797988 0.797988 0.797988 0.797988 0.797988 0.803437 0.797988 0.803437 0.797988 0.797988 0.797988 0.797988 0 0.79597 0.813944 0.813944 0.807595 0.818335 0.806369 0.807219 0.799229 0.865953 0.814094 0.842993 0.844223 0.799392 0.785559 0.804698 0.785124 0.804708 0.803579 0.801924 0.804024 0.779289 0.804482 0.812915 0.81516 0.751359 0.756683 0.752269 0.830284 0.828676 0.779 0.807428 0.800092 0.828479 0.826087 0.827395 0.827857 0.827857 0.824155 0.824155 0.826006 0.827778 0.826852 0.829167 0.825845 0.807603 0.813166 0.809125 0.809967 0.809967 0.814625 0.809967 0.809967 0.80857 0.809967 0.816488 0.809967 0.809967 0.809036 0.809036 0.809967 0.809879 0.812675 0.815005 0.809324 0.816698
 0.884131 0.882872 0.801427 0.90974 0.90974 0.90974 0.91016 0.90932 0.871956 0.786734 0.792191 0.804786 0.827456 0.990764 0.990764 0.990764 0.990764 0.990764 0.973971 0.990764 0.990764 0.990764 0.990764 0.990764 0.990764 0.990764 0.990764 0.973971 0.990764 0.973971 0.990764 0.990764 0.990764 0.990764 0.79597 0 0.896682 0.896682 0.905485 0.899873 0.901911 0.904034 0.871575 0.826124 0.899697 0.800173 0.805712 0.784195 0.859504 0.902566 0.859939 0.903226 0.906155 0.905116 0.904199 0.859588 0.901142 0.908448 0.898493 0.697464 0.700498 0.694192 0.782251 0.780577 0.832187 0.802843 0.742976 0.796117 0.790472 0.792226 0.791763 0.791763 0.787598 0.79454 0.790838 0.791667 0.792593 0.797685 0.79296 0.749652 0.898006 0.900372 0.900326 0.900326 0.904052 0.900326 0.900792 0.918491 0.900326 0.904518 0.900792 0.900326 0.900326 0.900326 0.900326 0.904939 0.901212 0.902144 0.900233 0.900187
 0.857203 0.855103 0.814364 0.915162 0.915162 0.915162 0.913902 0.913062 0.866443 0.800084 0.803444 0.826123 0.853003 0.897942 0.897942 0.897942 0.897942 0.897942 0.898362 0.897942 0.897942 0.897942 0.897942 0.897942 0.897942 0.897942 0.897942 0.898362 0.897942 0.898362 0.897942 0.897942 0.897942 0.897942 0.813944 0.896682 0 1 0.905485 0.950148 0.900212 0.900212 0.880565 0.850535 0.920882 0.818339 0.819559 0.800695 0.863419 0.903436 0.863854 0.90061 0.901353 0.900743 0.90245 0.860465 0.899824 0.906678 0.924645 0.725543 0.729044 0.72323 0.802836 0.800275 0.837231 0.823017 0.763703 0.820157 0.812673 0.816752 0.810736 0.810736 0.810273 0.814901 0.812124 0.812037 0.812963 0.821759 0.811487 0.771905 0.946222 0.91108 0.90871 0.90871 0.913833 0.90871 0.909176 0.901723 0.90871 0.912902 0.909176 0.90871 0.909176 0.910107 0.90871 0.90028 0.912861 0.912861 0.909557 0.922108
 0.857203 0.855103 0.814364 0.915162 0.915162 0.915162 0.913902 0.913062 0.866443 0.800084 0.803444 0.826123 0.853003 0.897942 0.897942 0.897942 0.897942 0.897942 0.898362 0.897942 0.897942 0.897942 0.897942 0.897942 0.897942 0.897942 0.897942 0.898362 0.897942 0.898362 0.897942 0.897942 0.897942 0.897942 0.813944 0.896682 1 0 0.905485 0.950148 0.900212 0.900212 0.880565 0.850535 0.920882 0.818339 0.819559 0.800695 0.863419 0.903436 0.863854 0.90061 0.901353 0.900743 0.90245 0.860465 0.899824 0.906678 0.924645 0.725543 0.729044 0.72323 0.802836 0.800275 0.837231 0.823017 0.763703 0.820157 0.812673 0.816752 0.810736 0.810736 0.810273 0.814901 0.812124 0.812037 0.812963 0.821759 0.811487 0.771905 0.946222 0.91108 0.90871 0.90871 0.913833 0.90871 0.909176 0.901723 0.90871 0.912902 0.909176 0.90871 0.909176 0.910107 0.90871 0.90028 0.912861 0.912861 0.909557 0.922108
 0.864979 0.864557 0.806751 0.906751 0.906751 0.906751 0.905907 0.905063 0.866667 0.797046 0.802954 0.800422 0.839241 0.905485 0.905485 0.905485 0.905485 0.905485 0.905485 0.905485 0.905485 0.905485 0.905485 0.905485 0.905485 0.905485 0.905485 0.905485 0.905485 0.905485 0.905485 0.905485 0.905485 0.905485 0.807595 0.905485 0.905485 0.905485 0 0.914237 0.949894 0.951168 0.875 0.838972 0.914397 0.810986 0.822588 0.793747 0.872118 0.970422 0.872553 0.952921 0.984723 0.984259 0.953193 0.872751 0.949033 0.900929 0.910904 0.717844 0.721794 0.716425 0.797347 0.794778 0.835855 0.813847 0.753109 0.808137 0.805735 0.804257 0.805183 0.805183 0.803332 0.80981 0.805646 0.807407 0.80787 0.807407 0.807318 0.754752 0.900325 0.900372 0.900326 0.900326 0.900326 0.900326 0.900326 0.900326 0.900326 0.900326 0.900326 0.900326 0.900326 0.900326 0.900326 0.90028 0.90028 0.90028 0.900233 0.900187
 0.859738 0.857203 0.808619 0.920575 0.920575 0.920575 0.917195 0.915927 0.863118 0.809463 0.807774 0.82256 0.847486 0.899873 0.899873 0.899873 0.899873 0.899873 0.900296 0.899873 0.899873 0.899873 0.899873 0.899873 0.899873 0.899873 0.899873 0.900296 0.899873 0.900296 0.899873 0.899873 0.899873 0.899873 0.818335 0.899873 0.950148 0.950148 0.914237 0 0.904459 0.904883 0.875856 0.850964 0.929096 0.818772 0.82778 0.805471 0.862549 0.908221 0.862984 0.906277 0.906591 0.905553 0.905949 0.860904 0.901582 0.911101 0.930408 0.730978 0.734028 0.729129 0.809241 0.80623 0.830353 0.819807 0.765085 0.828941 0.822849 0.824155 0.822767 0.822767 0.821379 0.827857 0.823693 0.824074 0.824537 0.830093 0.823993 0.770978 0.918405 0.914804 0.913833 0.913833 0.919422 0.913833 0.914765 0.903586 0.913833 0.918025 0.914765 0.913833 0.913367 0.914299 0.913833 0.90028 0.917521 0.917987 0.913753 0.945896
 0.867516 0.866242 0.805945 0.900212 0.900212 0.900212 0.900212 0.900212 0.868365 0.788535 0.796603 0.797028 0.839915 0.903609 0.903609 0.903609 0.903609 0.903609 0.90276 0.903609 0.903609 0.903609 0.903609 0.903609 0.903609 0.903609 0.903609 0.90276 0.903609 0.90276 0.903609 0.903609 0.903609 0.903609 0.806369 0.901911 0.900212 0.900212 0.949894 0.904459 0 0.995754 0.870719 0.832976 0.903588 0.801903 0.812635 0.7868 0.878643 0.952588 0.879513 0.983871 0.956351 0.954526 0.983815 0.878017 0.994728 0.900487 0.901152 0.709692 0.713185 0.707804 0.798262 0.796152 0.824851 0.811096 0.748964 0.810911 0.80666 0.806571 0.806108 0.806108 0.804257 0.809348 0.806108 0.808333 0.808333 0.809722 0.806855 0.754752 0.900325 0.900372 0.900326 0.900326 0.900326 0.900326 0.900326 0.900326 0.900326 0.900326 0.900326 0.900326 0.900326 0.900326 0.900326 0.90028 0.90028 0.90028 0.900233 0.900187
 0.868365 0.867091 0.808917 0.903185 0.903185 0.903185 0.902335 0.902335 0.870064 0.78896 0.796603 0.797877 0.841189 0.905732 0.905732 0.905732 0.905732 0.905732 0.904459 0.905732 0.905732 0.905732 0.905732 0.905732 0.905732 0.905732 0.905732 0.904459 0.905732 0.904459 0.905732 0.905732 0.905732 0.905732 0.807219 0.904034 0.900212 0.900212 0.951168 0.904883 0.995754 0 0.872432 0.833405 0.904453 0.802768 0.813501 0.787668 0.879948 0.954328 0.880818 0.985179 0.95766 0.956275 0.985564 0.878894 0.996924 0.902256 0.902039 0.710145 0.713638 0.708711 0.799177 0.797068 0.827144 0.812471 0.748503 0.81276 0.808511 0.808422 0.807959 0.807959 0.806108 0.811199 0.807959 0.809722 0.810185 0.811574 0.808708 0.755216 0.900325 0.900372 0.900326 0.900326 0.900326 0.900326 0.900326 0.900326 0.900326 0.900326 0.900326 0.900326 0.900326 0.900326 0.900326 0.90028 0.90028 0.90028 0.900233 0.900187
 0.850599 0.849315 0.808647 0.868151 0.868151 0.868151 0.868579 0.868151 0.946918 0.818493 0.800514 0.805651 0.855736 0.873716 0.873716 0.873716 0.873716 0.873716 0.875 0.873716 0.873716 0.873716 0.873716 0.873716 0.873716 0.873716 0.873716 0.875 0.873716 0.875 0.873716 0.873716 0.873716 0.873716 0.799229 0.871575 0.880565 0.880565 0.875 0.875856 0.870719 0.872432 0 0.83469 0.880242 0.807958 0.81826 0.796353 0.898217 0.872118 0.898217 0.869224 0.874727 0.874071 0.870079 0.899956 0.870826 0.869969 0.87766 0.705616 0.707295 0.705535 0.800549 0.800733 0.84365 0.83127 0.757715 0.818308 0.813136 0.815363 0.811661 0.811661 0.811661 0.817214 0.813512 0.812963 0.815741 0.822685 0.814266 0.762633 0.869726 0.869646 0.870051 0.870051 0.873312 0.870051 0.870983 0.867722 0.870051 0.874243 0.870983 0.870051 0.868654 0.869585 0.870051 0.869991 0.872321 0.872787 0.869464 0.866138
 0.801713 0.801285 0.813704 0.8394 0.8394 0.8394 0.838116 0.836403 0.833833 0.801713 0.820985 0.827837 0.843683 0.828694 0.828694 0.828694 0.828694 0.828694 0.831263 0.828694 0.828694 0.828694 0.828694 0.828694 0.828694 0.828694 0.828694 0.831263 0.828694 0.831263 0.828694 0.828694 0.828694 0.828694 0.865953 0.826124 0.850535 0.850535 0.838972 0.850964 0.832976 0.833405 0.83469 0 0.845655 0.858997 0.844223 0.797655 0.821662 0.835146 0.822532 0.832171 0.832388 0.832532 0.833333 0.818341 0.829525 0.839452 0.848404 0.750453 0.755324 0.75363 0.825709 0.823179 0.825309 0.825768 0.789959 0.837263 0.834413 0.834799 0.834799 0.834799 0.832022 0.83665 0.833873 0.835185 0.831019 0.837037 0.834182 0.799722 0.840519 0.836592 0.836982 0.836982 0.839776 0.836982 0.836982 0.837913 0.836982 0.841174 0.836982 0.836982 0.836982 0.836982 0.836982 0.836906 0.839702 0.8411 0.83683 0.839552
 0.864246 0.85949 0.814959 0.941634 0.941634 0.941634 0.944228 0.942931 0.866407 0.803718 0.806744 0.821876 0.850843 0.901427 0.901427 0.901427 0.901427 0.901427 0.900994 0.901427 0.901427 0.901427 0.901427 0.901427 0.901427 0.901427 0.901427 0.900994 0.901427 0.900994 0.901427 0.901427 0.901427 0.901427 0.814094 0.899697 0.920882 0.920882 0.914397 0.929096 0.903588 0.904453 0.880242 0.845655 0 0.812284 0.829078 0.798958 0.864289 0.906046 0.864724 0.906713 0.907027 0.906865 0.906387 0.860465 0.902021 0.91464 0.986259 0.725091 0.728138 0.720054 0.804666 0.803481 0.835397 0.8221 0.763243 0.818308 0.811286 0.815363 0.812124 0.812124 0.808422 0.816289 0.812124 0.812037 0.812963 0.819444 0.811487 0.772369 0.901252 0.945065 0.942711 0.942711 0.930135 0.942711 0.942711 0.907778 0.942711 0.930135 0.942711 0.942711 0.943642 0.944108 0.942711 0.903075 0.928705 0.928705 0.944056 0.909515
 0.769031 0.771194 0.790657 0.812284 0.812284 0.812284 0.812284 0.811851 0.809689 0.784602 0.810554 0.802336 0.814446 0.803201 0.803201 0.803201 0.803201 0.803201 0.804498 0.803201 0.803201 0.803201 0.803201 0.803201 0.803201 0.803201 0.803201 0.804498 0.803201 0.804498 0.803201 0.803201 0.803201 0.803201 0.842993 0.800173 0.818339 0.818339 0.810986 0.818772 0.801903 0.802768 0.807958 0.858997 0.812284 0 0.831242 0.78376 0.802958 0.803393 0.802958 0.800785 0.806635 0.806296 0.800087 0.796841 0.797891 0.817337 0.812057 0.754529 0.757589 0.758167 0.811985 0.809437 0.78542 0.805135 0.79134 0.80675 0.808048 0.806108 0.808885 0.808885 0.805183 0.808885 0.808422 0.810185 0.807407 0.808333 0.807318 0.786277 0.814557 0.816108 0.817885 0.817885 0.816488 0.817885 0.819283 0.812296 0.817885 0.817885 0.819283 0.817885 0.816954 0.816954 0.817885 0.82013 0.816869 0.819199 0.816783 0.818563
 0.789269 0.789269 0.81826 0.828646 0.828646 0.828646 0.830376 0.829078 0.820857 0.803116 0.900909 0.816962 0.839463 0.808308 0.808308 0.808308 0.808308 0.808308 0.81177 0.808308 0.808308 0.808308 0.808308 0.808308 0.808308 0.808308 0.808308 0.81177 0.808308 0.81177 0.808308 0.808308 0.808308 0.808308 0.844223 0.805712 0.819559 0.819559 0.822588 0.82778 0.812635 0.813501 0.81826 0.844223 0.829078 0.831242 0 0.825011 0.804263 0.817312 0.803828 0.812554 0.81842 0.818977 0.813648 0.803861 0.811951 0.830606 0.829787 0.745924 0.744903 0.74637 0.865508 0.862574 0.803301 0.840899 0.814371 0.852982 0.854764 0.850532 0.857473 0.857473 0.852383 0.856548 0.855622 0.857407 0.855556 0.851389 0.855952 0.829393 0.817803 0.829143 0.82953 0.82953 0.827667 0.82953 0.830927 0.825338 0.82953 0.829064 0.830927 0.82953 0.828598 0.828598 0.82953 0.831314 0.825722 0.828984 0.828904 0.826493
