 0 0.966038 0.354617 0.631781 0.631781 0.631781 0.636399 0.634719 0.541866 0.362284 0.407736 0.432477 0.440847 0.675957 0.675957 0.675957 0.675957 0.675957 0.673045 0.675957 0.675957 0.675957 0.675957 0.675957 0.675957 0.675957 0.675957 0.673045 0.675957 0.673045 0.675957 0.675957 0.675957 0.675957 0.418205 0.67605 0.595628 0.595628 0.617821 0.601268 0.617935 0.621759 0.54156 0.426061 0.606231 0.421645 0.414465 0.358105 0.525468 0.610361 0.526339 0.612565 0.605941 0.605252 0.612084 0.527009 0.609059 0.714033 0.606921 0.332276 0.331519 0.330154 0.430861 0.430536 0.410739 0.420835 0.325035 0.431745 0.433796 0.432608 0.433997 0.433997 0.430755 0.433071 0.43446 0.430491 0.436515 0.432345 0.433936 0.356845 0.612529 0.646785 0.649883 0.649883 0.659674 0.649883 0.648019 0.692308 0.649883 0.657343 0.648019 0.649883 0.648019 0.648951 0.649883 0.746735 0.653451 0.654384 0.64769 0.628852
 0.966038 0 0.350154 0.627164 0.627164 0.627164 0.631012 0.629715 0.541467 0.367511 0.405721 0.431649 0.438356 0.673877 0.673877 0.673877 0.673877 0.673877 0.670965 0.673877 0.673877 0.673877 0.673877 0.673877 0.673877 0.673877 0.673877 0.670965 0.673877 0.670965 0.673877 0.673877 0.673877 0.673877 0.42156 0.677311 0.592686 0.592686 0.616132 0.597886 0.620059 0.623459 0.540274 0.426918 0.602337 0.425108 0.416197 0.355498 0.526774 0.612103 0.527645 0.613874 0.604631 0.603939 0.612522 0.530083 0.609059 0.69544 0.603372 0.335449 0.335147 0.333787 0.428571 0.427785 0.408903 0.419917 0.329184 0.431282 0.433333 0.432608 0.43446 0.43446 0.430292 0.432145 0.43446 0.430491 0.436979 0.431881 0.4344 0.355916 0.609281 0.642125 0.644289 0.644289 0.656876 0.644289 0.641958 0.694639 0.644289 0.654545 0.641958 0.644289 0.643357 0.644755 0.644289 0.726213 0.650187 0.650653 0.643024 0.624183
 0.354617 0.350154 0 0.378607 0.378607 0.378607 0.378607 0.377598 0.376794 0.311218 0.38477 0.381524 0.577418 0.386023 0.386023 0.386023 0.386023 0.386023 0.383527 0.386023 0.386023 0.386023 0.386023 0.386023 0.386023 0.386023 0.386023 0.383527 0.386023 0.383527 0.386023 0.386023 0.386023 0.386023 0.401007 0.384454 0.40227 0.40227 0.386824 0.389852 0.381215 0.382915 0.388603 0.386627 0.395067 0.377489 0.404071 0.389831 0.389639 0.386591 0.390509 0.381763 0.387069 0.386433 0.382224 0.38823 0.381266 0.397964 0.398403 0.337715 0.336054 0.337421 0.402473 0.406236 0.413492 0.411198 0.342554 0.40398 0.408796 0.409912 0.406207 0.406207 0.407133 0.407596 0.407596 0.405468 0.405931 0.405931 0.40612 0.406961 0.400464 0.39562 0.395804 0.395804 0.391608 0.395804 0.395338 0.389277 0.395804 0.391142 0.395338 0.395804 0.395804 0.395804 0.395804 0.395989 0.392257 0.391791 0.396174 0.386555
 0.631781 0.627164 0.378607 0 1 1 0.985379 0.983064 0.620016 0.383193 0.4722 0.460232 0.464508 0.727537 0.727537 0.727537 0.727537 0.727537 0.724626 0.727537 0.727537 0.727537 0.727537 0.727537 0.727537 0.727537 0.727537 0.724626 0.727537 0.724626 0.727537 0.727537 0.727537 0.727537 0.478188 0.728571 0.74359 0.74359 0.720861 0.774207 0.717807 0.722057 0.595544 0.476211 0.886196 0.466234 0.475097 0.354628 0.569874 0.707444 0.570744 0.711169 0.704238 0.702845 0.709282 0.573123 0.711082 0.762727 0.89929 0.349955 0.351474 0.344687 0.490842 0.490601 0.428637 0.46994 0.357308 0.487737 0.485648 0.486799 0.481241 0.481241 0.482631 0.48402 0.483094 0.481928 0.484708 0.487952 0.481688 0.402784 0.800464 0.979963 0.982284 0.982284 0.946853 0.982284 0.979953 0.795804 0.982284 0.944056 0.979953 0.982284 0.982284 0.985082 0.982284 0.798041 0.947295 0.944963 0.978068 0.833333
 0.631781 0.627164 0.378607 1 0 1 0.985379 0.983064 0.620016 0.383193 0.4722 0.460232 0.464508 0.727537 0.727537 0.727537 0.727537 0.727537 0.724626 0.727537 0.727537 0.727537 0.727537 0.727537 0.727537 0.727537 0.727537 0.724626 0.727537 0.724626 0.727537 0.727537 0.727537 0.727537 0.478188 0.728571 0.74359 0.74359 0.720861 0.774207 0.717807 0.722057 0.595544 0.476211 0.886196 0.466234 0.475097 0.354628 0.569874 0.707444 0.570744 0.711169 0.704238 0.702845 0.709282 0.573123 0.711082 0.762727 0.89929 0.349955 0.351474 0.344687 0.490842 0.490601 0.428637 0.46994 0.357308 0.487737 0.485648 0.486799 0.481241 0.481241 0.482631 0.48402 0.483094 0.481928 0.484708 0.487952 0.481688 0.402784 0.800464 0.979963 0.982284 0.982284 0.946853 0.982284 0.979953 0.795804 0.982284 0.944056 0.979953 0.982284 0.982284 0.985082 0.982284 0.798041 0.947295 0.944963 0.978068 0.833333
 0.631781 0.627164 0.378607 1 1 0 0.985379 0.983064 0.620016 0.383193 0.4722 0.460232 0.464508 0.727537 0.727537 0.727537 0.727537 0.727537 0.724626 0.727537 0.727537 0.727537 0.727537 0.727537 0.727537 0.727537 0.727537 0.724626 0.727537 0.724626 0.727537 0.727537 0.727537 0.727537 0.478188 0.728571 0.74359 0.74359 0.720861 0.774207 0.717807 0.722057 0.595544 0.476211 0.886196 0.466234 0.475097 0.354628 0.569874 0.707444 0.570744 0.711169 0.704238 0.702845 0.709282 0.573123 0.711082 0.762727 0.89929 0.349955 0.351474 0.344687 0.490842 0.490601 0.428637 0.46994 0.357308 0.487737 0.485648 0.486799 0.481241 0.481241 0.482631 0.48402 0.483094 0.481928 0.484708 0.487952 0.481688 0.402784 0.800464 0.979963 0.982284 0.982284 0.946853 0.982284 0.979953 0.795804 0.982284 0.944056 0.979953 0.982284 0.982284 0.985082 0.982284 0.798041 0.947295 0.944963 0.978068 0.833333
 0.636399 0.631012 0.378607 0.985379 0.985379 0.985379 0 0.997691 0.619219 0.383193 0.471394 0.458161 0.467414 0.730033 0.730033 0.730033 0.730033 0.730033 0.726705 0.730033 0.730033 0.730033 0.730033 0.730033 0.730033 0.730033 0.730033 0.726705 0.730033 0.726705 0.730033 0.730033 0.730033 0.730033 0.475671 0.730672 0.741488 0.741488 0.722973 0.770825 0.716532 0.720357 0.595973 0.472353 0.897014 0.462338 0.474664 0.355932 0.572051 0.708751 0.572921 0.70986 0.702927 0.701532 0.708406 0.576197 0.709763 0.764498 0.910382 0.346782 0.348299 0.341054 0.488553 0.490142 0.428637 0.466728 0.355924 0.485423 0.48287 0.48402 0.478925 0.478925 0.480315 0.481241 0.480315 0.479147 0.481928 0.485171 0.478906 0.399536 0.799072 0.992078 1 1 0.9338 1 0.997203 0.801399 1 0.931002 0.997203 1 0.994406 0.997203 1 0.799907 0.93097 0.928638 0.989734 0.829599
 0.634719 0.629715 0.377598 0.983064 0.983064 0.983064 0.997691 0 0.61882 0.384801 0.470185 0.458161 0.467829 0.728369 0.728369 0.728369 0.728369 0.728369 0.724626 0.728369 0.728369 0.728369 0.728369 0.728369 0.728369 0.728369 0.728369 0.724626 0.728369 0.724626 0.728369 0.728369 0.728369 0.728369 0.474832 0.728571 0.740227 0.740227 0.721284 0.769133 0.715682 0.719507 0.594687 0.471496 0.894851 0.462338 0.473798 0.354628 0.570744 0.707009 0.571615 0.708551 0.701616 0.700219 0.706655 0.574879 0.708004 0.761842 0.90772 0.346328 0.348299 0.340599 0.487637 0.489225 0.428178 0.463974 0.355463 0.484498 0.481944 0.483094 0.477999 0.477999 0.479389 0.479852 0.479389 0.478221 0.481001 0.484245 0.477979 0.399072 0.797216 0.989282 0.997203 0.997203 0.931469 0.997203 0.994406 0.799068 0.997203 0.928671 0.994406 0.997203 0.991608 0.994406 0.997203 0.797575 0.929104 0.926772 0.987401 0.828198
 0.541866 0.541467 0.376794 0.620016 0.620016 0.620016 0.619219 0.61882 0 0.390028 0.462127 0.429992 0.455791 0.63228 0.63228 0.63228 0.63228 0.63228 0.6302 0.63228 0.63228 0.63228 0.63228 0.63228 0.63228 0.63228 0.63228 0.6302 0.63228 0.6302 0.63228 0.63228 0.63228 0.63228 0.467701 0.633613 0.606978 0.606978 0.592061 0.597463 0.591585 0.594985 0.907027 0.475354 0.583297 0.462771 0.478995 0.356367 0.644319 0.587288 0.644319 0.578098 0.579729 0.578993 0.577496 0.648221 0.580915 0.602036 0.584738 0.348141 0.348299 0.34287 0.492216 0.491518 0.430014 0.476365 0.350853 0.500694 0.500926 0.499305 0.4956 0.4956 0.496989 0.496989 0.496989 0.495829 0.499073 0.50278 0.496523 0.39768 0.626914 0.614166 0.615385 0.615385 0.621445 0.615385 0.616317 0.616317 0.615385 0.623776 0.616317 0.615385 0.612121 0.614452 0.615385 0.61334 0.619403 0.621269 0.613159 0.61718
 0.362284 0.367511 0.311218 0.383193 0.383193 0.383193 0.383193 0.384801 0.390028 0 0.364625 0.355427 0.357825 0.380616 0.380616 0.380616 0.380616 0.380616 0.378952 0.380616 0.380616 0.380616 0.380616 0.380616 0.380616 0.380616 0.380616 0.378952 0.380616 0.378952 0.380616 0.380616 0.380616 0.380616 0.369128 0.377731 0.400168 0.400168 0.378378 0.391966 0.373141 0.374841 0.397601 0.36691 0.384682 0.383117 0.368125 0.265102 0.372225 0.370919 0.37266 0.371291 0.370904 0.371116 0.371716 0.374616 0.368953 0.377158 0.380657 0.389393 0.386848 0.386467 0.3837 0.379184 0.359339 0.321707 0.399723 0.375752 0.380093 0.379342 0.378879 0.378879 0.379342 0.379342 0.379805 0.378128 0.379518 0.378128 0.378303 0.331787 0.384223 0.380708 0.379953 0.379953 0.377622 0.379953 0.379953 0.378555 0.379953 0.37669 0.379953 0.379953 0.381352 0.38042 0.379953 0.369869 0.38153 0.382463 0.380308 0.373483
 0.407736 0.405721 0.38477 0.4722 0.4722 0.4722 0.471394 0.470185 0.462127 0.364625 0 0.447804 0.456206 0.456323 0.456323 0.456323 0.456323 0.456323 0.454243 0.456323 0.456323 0.456323 0.456323 0.456323 0.456323 0.456323 0.456323 0.454243 0.456323 0.454243 0.456323 0.456323 0.456323 0.456323 0.539849 0.454202 0.473308 0.473308 0.469595 0.474841 0.467488 0.466638 0.474722 0.543078 0.466032 0.525108 0.744478 0.375054 0.443187 0.460165 0.442751 0.457679 0.458716 0.459519 0.458844 0.451471 0.457784 0.469234 0.461402 0.371714 0.367347 0.371026 0.517857 0.515818 0.423589 0.461221 0.384509 0.513188 0.518056 0.509958 0.518759 0.518759 0.517369 0.519685 0.519685 0.520389 0.520389 0.511585 0.519703 0.423666 0.460789 0.463653 0.463869 0.463869 0.461072 0.463869 0.465268 0.455478 0.463869 0.462005 0.465268 0.463869 0.462937 0.463403 0.463869 0.467351 0.460821 0.461754 0.462902 0.462652
 0.432477 0.431649 0.381524 0.460232 0.460232 0.460232 0.458161 0.458161 0.429992 0.355427 0.447804 0 0.433375 0.436772 0.436772 0.436772 0.436772 0.436772 0.436772 0.436772 0.436772 0.436772 0.436772 0.436772 0.436772 0.436772 0.436772 0.436772 0.436772 0.436772 0.436772 0.436772 0.436772 0.436772 0.477349 0.436134 0.454393 0.454393 0.44299 0.451163 0.439014 0.439439 0.416452 0.459923 0.434877 0.429437 0.453443 0.368535 0.396169 0.430997 0.396604 0.425829 0.426387 0.426258 0.426007 0.393939 0.426561 0.443559 0.435226 0.37262 0.373243 0.371026 0.440018 0.442458 0.41441 0.382744 0.370217 0.449329 0.447222 0.452524 0.445577 0.445577 0.447893 0.446966 0.445577 0.447637 0.446247 0.453197 0.445526 0.383759 0.447332 0.439888 0.439627 0.439627 0.436364 0.439627 0.440093 0.4331 0.439627 0.434499 0.440093 0.439627 0.438228 0.439161 0.439627 0.4375 0.4375 0.438433 0.439104 0.440243
 0.440847 0.438356 0.577418 0.464508 0.464508 0.464508 0.467414 0.467829 0.455791 0.357825 0.456206 0.433375 0 0.46381 0.46381 0.46381 0.46381 0.46381 0.464226 0.46381 0.46381 0.46381 0.46381 0.46381 0.46381 0.46381 0.46381 0.464226 0.46381 0.464226 0.46381 0.46381 0.46381 0.46381 0.458893 0.463445 0.493905 0.493905 0.47973 0.477378 0.473438 0.473438 0.466153 0.457351 0.470792 0.441991 0.473798 0.414602 0.471485 0.477579 0.472791 0.46815 0.477501 0.476586 0.468039 0.470795 0.468777 0.463037 0.469388 0.349501 0.350113 0.347866 0.466575 0.468134 0.466728 0.436898 0.360074 0.471078 0.474074 0.473367 0.472441 0.472441 0.471978 0.473367 0.47383 0.46988 0.473587 0.47127 0.473343 0.423666 0.478886 0.462255 0.462471 0.462471 0.458275 0.462471 0.462471 0.461072 0.462471 0.459207 0.462471 0.462471 0.461072 0.461538 0.462471 0.459422 0.45709 0.456623 0.461969 0.458917
 0.675957 0.673877 0.386023 0.727537 0.727537 0.727537 0.730033 0.728369 0.63228 0.380616 0.456323 0.436772 0.46381 0 1 1 1 1 0.967554 1 1 1 1 1 1 1 1 0.967554 1 0.967554 1 1 1 1 0.451762 0.990336 0.713325 0.713325 0.711993 0.73277 0.713982 0.719507 0.625964 0.458208 0.719602 0.449784 0.446514 0.359844 0.593818 0.696561 0.594253 0.713351 0.6955 0.695842 0.714098 0.592446 0.708883 0.793714 0.71606 0.336355 0.336961 0.334696 0.472985 0.473177 0.42726 0.452042 0.348087 0.472466 0.470833 0.471978 0.471978 0.471978 0.467809 0.471051 0.471978 0.468953 0.47544 0.471733 0.473343 0.374478 0.703016 0.71808 0.719347 0.719347 0.73007 0.719347 0.720746 0.831235 0.719347 0.728205 0.720746 0.719347 0.718881 0.719814 0.719347 0.79431 0.722948 0.721082 0.716752 0.719888
 0.675957 0.673877 0.386023 0.727537 0.727537 0.727537 0.730033 0.728369 0.63228 0.380616 0.456323 0.436772 0.46381 1 0 1 1 1 0.967554 1 1 1 1 1 1 1 1 0.967554 1 0.967554 1 1 1 1 0.451762 0.990336 0.713325 0.713325 0.711993 0.73277 0.713982 0.719507 0.625964 0.458208 0.719602 0.449784 0.446514 0.359844 0.593818 0.696561 0.594253 0.713351 0.6955 0.695842 0.714098 0.592446 0.708883 0.793714 0.71606 0.336355 0.336961 0.334696 0.472985 0.473177 0.42726 0.452042 0.348087 0.472466 0.470833 0.471978 0.471978 0.471978 0.467809 0.471051 0.471978 0.468953 0.47544 0.471733 0.473343 0.374478 0.703016 0.71808 0.719347 0.719347 0.73007 0.719347 0.720746 0.831235 0.719347 0.728205 0.720746 0.719347 0.718881 0.719814 0.719347 0.79431 0.722948 0.721082 0.716752 0.719888
 0.675957 0.673877 0.386023 0.727537 0.727537 0.727537 0.730033 0.728369 0.63228 0.380616 0.456323 0.436772 0.46381 1 1 0 1 1 0.967554 1 1 1 1 1 1 1 1 0.967554 1 0.967554 1 1 1 1 0.451762 0.990336 0.713325 0.713325 0.711993 0.73277 0.713982 0.719507 0.625964 0.458208 0.719602 0.449784 0.446514 0.359844 0.593818 0.696561 0.594253 0.713351 0.6955 0.695842 0.714098 0.592446 0.708883 0.793714 0.71606 0.336355 0.336961 0.334696 0.472985 0.473177 0.42726 0.452042 0.348087 0.472466 0.470833 0.471978 0.471978 0.471978 0.467809 0.471051 0.471978 0.468953 0.47544 0.471733 0.473343 0.374478 0.703016 0.71808 0.719347 0.719347 0.73007 0.719347 0.720746 0.831235 0.719347 0.728205 0.720746 0.719347 0.718881 0.719814 0.719347 0.79431 0.722948 0.721082 0.716752 0.719888
 0.675957 0.673877 0.386023 0.727537 0.727537 0.727537 0.730033 0.728369 0.63228 0.380616 0.456323 0.436772 0.46381 1 1 1 0 1 0.967554 1 1 1 1 1 1 1 1 0.967554 1 0.967554 1 1 1 1 0.451762 0.990336 0.713325 0.713325 0.711993 0.73277 0.713982 0.719507 0.625964 0.458208 0.719602 0.449784 0.446514 0.359844 0.593818 0.696561 0.594253 0.713351 0.6955 0.695842 0.714098 0.592446 0.708883 0.793714 0.71606 0.336355 0.336961 0.334696 0.472985 0.473177 0.42726 0.452042 0.348087 0.472466 0.470833 0.471978 0.471978 0.471978 0.467809 0.471051 0.471978 0.468953 0.47544 0.471733 0.473343 0.374478 0.703016 0.71808 0.719347 0.719347 0.73007 0.719347 0.720746 0.831235 0.719347 0.728205 0.720746 0.719347 0.718881 0.719814 0.719347 0.79431 0.722948 0.721082 0.716752 0.719888
 0.675957 0.673877 0.386023 0.727537 0.727537 0.727537 0.730033 0.728369 0.63228 0.380616 0.456323 0.436772 0.46381 1 1 1 1 0 0.967554 1 1 1 1 1 1 1 1 0.967554 1 0.967554 1 1 1 1 0.451762 0.990336 0.713325 0.713325 0.711993 0.73277 0.713982 0.719507 0.625964 0.458208 0.719602 0.449784 0.446514 0.359844 0.593818 0.696561 0.594253 0.713351 0.6955 0.695842 0.714098 0.592446 0.708883 0.793714 0.71606 0.336355 0.336961 0.334696 0.472985 0.473177 0.42726 0.452042 0.348087 0.472466 0.470833 0.471978 0.471978 0.471978 0.467809 0.471051 0.471978 0.468953 0.47544 0.471733 0.473343 0.374478 0.703016 0.71808 0.719347 0.719347 0.73007 0.719347 0.720746 0.831235 0.719347 0.728205 0.720746 0.719347 0.718881 0.719814 0.719347 0.79431 0.722948 0.721082 0.716752 0.719888
 0.673045 0.670965 0.383527 0.724626 0.724626 0.724626 0.726705 0.724626 0.6302 0.378952 0.454243 0.436772 0.464226 0.967554 0.967554 0.967554 0.967554 0.967554 0 0.967554 0.967554 0.967554 0.967554 0.967554 0.967554 0.967554 0.967554 1 0.967554 1 0.967554 0.967554 0.967554 0.967554 0.456795 0.958403 0.706179 0.706179 0.70777 0.72685 0.710157 0.714832 0.625107 0.462066 0.717871 0.451948 0.44738 0.358974 0.594253 0.693078 0.595124 0.707243 0.692005 0.692341 0.707968 0.594203 0.704485 0.791943 0.712955 0.334542 0.335601 0.333333 0.472527 0.47226 0.425883 0.452042 0.352697 0.468302 0.466204 0.468736 0.46642 0.46642 0.462714 0.46642 0.467346 0.464319 0.46988 0.468489 0.467779 0.374942 0.696984 0.713886 0.715152 0.715152 0.726807 0.715152 0.71655 0.840093 0.715152 0.724942 0.71655 0.715152 0.714685 0.715618 0.715152 0.791511 0.722481 0.720616 0.713019 0.717554
 0.675957 0.673877 0.386023 0.727537 0.727537 0.727537 0.730033 0.728369 0.63228 0.380616 0.456323 0.436772 0.46381 1 1 1 1 1 0.967554 0 1 1 1 1 1 1 1 0.967554 1 0.967554 1 1 1 1 0.451762 0.990336 0.713325 0.713325 0.711993 0.73277 0.713982 0.719507 0.625964 0.458208 0.719602 0.449784 0.446514 0.359844 0.593818 0.696561 0.594253 0.713351 0.6955 0.695842 0.714098 0.592446 0.708883 0.793714 0.71606 0.336355 0.336961 0.334696 0.472985 0.473177 0.42726 0.452042 0.348087 0.472466 0.470833 0.471978 0.471978 0.471978 0.467809 0.471051 0.471978 0.468953 0.47544 0.471733 0.473343 0.374478 0.703016 0.71808 0.719347 0.719347 0.73007 0.719347 0.720746 0.831235 0.719347 0.728205 0.720746 0.719347 0.718881 0.719814 0.719347 0.79431 0.722948 0.721082 0.716752 0.719888
 0.675957 0.673877 0.386023 0.727537 0.727537 0.727537 0.730033 0.728369 0.63228 0.380616 0.456323 0.436772 0.46381 1 1 1 1 1 0.967554 1 0 1 1 1 1 1 1 0.967554 1 0.967554 1 1 1 1 0.451762 0.990336 0.713325 0.713325 0.711993 0.73277 0.713982 0.719507 0.625964 0.458208 0.719602 0.449784 0.446514 0.359844 0.593818 0.696561 0.594253 0.713351 0.6955 0.695842 0.714098 0.592446 0.708883 0.793714 0.71606 0.336355 0.336961 0.334696 0.472985 0.473177 0.42726 0.452042 0.348087 0.472466 0.470833 0.471978 0.471978 0.471978 0.467809 0.471051 0.471978 0.468953 0.47544 0.471733 0.473343 0.374478 0.703016 0.71808 0.719347 0.719347 0.73007 0.719347 0.720746 0.831235 0.719347 0.728205 0.720746 0.719347 0.718881 0.719814 0.719347 0.79431 0.722948 0.721082 0.716752 0.719888
 0.675957 0.673877 0.386023 0.727537 0.727537 0.727537 0.730033 0.728369 0.63228 0.380616 0.456323 0.436772 0.46381 1 1 1 1 1 0.967554 1 1 0 1 1 1 1 1 0.967554 1 0.967554 1 1 1 1 0.451762 0.990336 0.713325 0.713325 0.711993 0.73277 0.713982 0.719507 0.625964 0.458208 0.719602 0.449784 0.446514 0.359844 0.593818 0.696561 0.594253 0.713351 0.6955 0.695842 0.714098 0.592446 0.708883 0.793714 0.71606 0.336355 0.336961 0.334696 0.472985 0.473177 0.42726 0.452042 0.348087 0.472466 0.470833 0.471978 0.471978 0.471978 0.467809 0.471051 0.471978 0.468953 0.47544 0.471733 0.473343 0.374478 0.703016 0.71808 0.719347 0.719347 0.73007 0.719347 0.720746 0.831235 0.719347 0.728205 0.720746 0.719347 0.718881 0.719814 0.719347 0.79431 0.722948 0.721082 0.716752 0.719888
 0.675957 0.673877 0.386023 0.727537 0.727537 0.727537 0.730033 0.728369 0.63228 0.380616 0.456323 0.436772 0.46381 1 1 1 1 1 0.967554 1 1 1 0 1 1 1 1 0.967554 1 0.967554 1 1 1 1 0.451762 0.990336 0.713325 0.713325 0.711993 0.73277 0.713982 0.719507 0.625964 0.458208 0.719602 0.449784 0.446514 0.359844 0.593818 0.696561 0.594253 0.713351 0.6955 0.695842 0.714098 0.592446 0.708883 0.793714 0.71606 0.336355 0.336961 0.334696 0.472985 0.473177 0.42726 0.452042 0.348087 0.472466 0.470833 0.471978 0.471978 0.471978 0.467809 0.471051 0.471978 0.468953 0.47544 0.471733 0.473343 0.374478 0.703016 0.71808 0.719347 0.719347 0.73007 0.719347 0.720746 0.831235 0.719347 0.728205 0.720746 0.719347 0.718881 0.719814 0.719347 0.79431 0.722948 0.721082 0.716752 0.719888
 0.675957 0.673877 0.386023 0.727537 0.727537 0.727537 0.730033 0.728369 0.63228 0.380616 0.456323 0.436772 0.46381 1 1 1 1 1 0.967554 1 1 1 1 0 1 1 1 0.967554 1 0.967554 1 1 1 1 0.451762 0.990336 0.713325 0.713325 0.711993 0.73277 0.713982 0.719507 0.625964 0.458208 0.719602 0.449784 0.446514 0.359844 0.593818 0.696561 0.594253 0.713351 0.6955 0.695842 0.714098 0.592446 0.708883 0.793714 0.71606 0.336355 0.336961 0.334696 0.472985 0.473177 0.42726 0.452042 0.348087 0.472466 0.470833 0.471978 0.471978 0.471978 0.467809 0.471051 0.471978 0.468953 0.47544 0.471733 0.473343 0.374478 0.703016 0.71808 0.719347 0.719347 0.73007 0.719347 0.720746 0.831235 0.719347 0.728205 0.720746 0.719347 0.718881 0.719814 0.719347 0.79431 0.722948 0.721082 0.716752 0.719888
 0.675957 0.673877 0.386023 0.727537 0.727537 0.727537 0.730033 0.728369 0.63228 0.380616 0.456323 0.436772 0.46381 1 1 1 1 1 0.967554 1 1 1 1 1 0 1 1 0.967554 1 0.967554 1 1 1 1 0.451762 0.990336 0.713325 0.713325 0.711993 0.73277 0.713982 0.719507 0.625964 0.458208 0.719602 0.449784 0.446514 0.359844 0.593818 0.696561 0.594253 0.713351 0.6955 0.695842 0.714098 0.592446 0.708883 0.793714 0.71606 0.336355 0.336961 0.334696 0.472985 0.473177 0.42726 0.452042 0.348087 0.472466 0.470833 0.471978 0.471978 0.471978 0.467809 0.471051 0.471978 0.468953 0.47544 0.471733 0.473343 0.374478 0.703016 0.71808 0.719347 0.719347 0.73007 0.719347 0.720746 0.831235 0.719347 0.728205 0.720746 0.719347 0.718881 0.719814 0.719347 0.79431 0.722948 0.721082 0.716752 0.719888
 0.675957 0.673877 0.386023 0.727537 0.727537 0.727537 0.730033 0.728369 0.63228 0.380616 0.456323 0.436772 0.46381 1 1 1 1 1 0.967554 1 1 1 1 1 1 0 1 0.967554 1 0.967554 1 1 1 1 0.451762 0.990336 0.713325 0.713325 0.711993 0.73277 0.713982 0.719507 0.625964 0.458208 0.719602 0.449784 0.446514 0.359844 0.593818 0.696561 0.594253 0.713351 0.6955 0.695842 0.714098 0.592446 0.708883 0.793714 0.71606 0.336355 0.336961 0.334696 0.472985 0.473177 0.42726 0.452042 0.348087 0.472466 0.470833 0.471978 0.471978 0.471978 0.467809 0.471051 0.471978 0.468953 0.47544 0.471733 0.473343 0.374478 0.703016 0.71808 0.719347 0.719347 0.73007 0.719347 0.720746 0.831235 0.719347 0.728205 0.720746 0.719347 0.718881 0.719814 0.719347 0.79431 0.722948 0.721082 0.716752 0.719888
 0.675957 0.673877 0.386023 0.727537 0.727537 0.727537 0.730033 0.728369 0.63228 0.380616 0.456323 0.436772 0.46381 1 1 1 1 1 0.967554 1 1 1 1 1 1 1 0 0.967554 1 0.967554 1 1 1 1 0.451762 0.990336 0.713325 0.713325 0.711993 0.73277 0.713982 0.719507 0.625964 0.458208 0.719602 0.449784 0.446514 0.359844 0.593818 0.696561 0.594253 0.713351 0.6955 0.695842 0.714098 0.592446 0.708883 0.793714 0.71606 0.336355 0.336961 0.334696 0.472985 0.473177 0.42726 0.452042 0.348087 0.472466 0.470833 0.471978 0.471978 0.471978 0.467809 0.471051 0.471978 0.468953 0.47544 0.471733 0.473343 0.374478 0.703016 0.71808 0.719347 0.719347 0.73007 0.719347 0.720746 0.831235 0.719347 0.728205 0.720746 0.719347 0.718881 0.719814 0.719347 0.79431 0.722948 0.721082 0.716752 0.719888
 0.673045 0.670965 0.383527 0.724626 0.724626 0.724626 0.726705 0.724626 0.6302 0.378952 0.454243 0.436772 0.464226 0.967554 0.967554 0.967554 0.967554 0.967554 1 0.967554 0.967554 0.967554 0.967554 0.967554 0.967554 0.967554 0.967554 0 0.967554 1 0.967554 0.967554 0.967554 0.967554 0.456795 0.958403 0.706179 0.706179 0.70777 0.72685 0.710157 0.714832 0.625107 0.462066 0.717871 0.451948 0.44738 0.358974 0.594253 0.693078 0.595124 0.707243 0.692005 0.692341 0.707968 0.594203 0.704485 0.791943 0.712955 0.334542 0.335601 0.333333 0.472527 0.47226 0.425883 0.452042 0.352697 0.468302 0.466204 0.468736 0.46642 0.46642 0.462714 0.46642 0.467346 0.464319 0.46988 0.468489 0.467779 0.374942 0.696984 0.713886 0.715152 0.715152 0.726807 0.715152 0.71655 0.840093 0.715152 0.724942 0.71655 0.715152 0.714685 0.715618 0.715152 0.791511 0.722481 0.720616 0.713019 0.717554
 0.675957 0.673877 0.386023 0.727537 0.727537 0.727537 0.730033 0.728369 0.63228 0.380616 0.456323 0.436772 0.46381 1 1 1 1 1 0.967554 1 1 1 1 1 1 1 1 0.967554 0 0.967554 1 1 1 1 0.451762 0.990336 0.713325 0.713325 0.711993 0.73277 0.713982 0.719507 0.625964 0.458208 0.719602 0.449784 0.446514 0.359844 0.593818 0.696561 0.594253 0.713351 0.6955 0.695842 0.714098 0.592446 0.708883 0.793714 0.71606 0.336355 0.336961 0.334696 0.472985 0.473177 0.42726 0.452042 0.348087 0.472466 0.470833 0.471978 0.471978 0.471978 0.467809 0.471051 0.471978 0.468953 0.47544 0.471733 0.473343 0.374478 0.703016 0.71808 0.719347 0.719347 0.73007 0.719347 0.720746 0.831235 0.719347 0.728205 0.720746 0.719347 0.718881 0.719814 0.719347 0.79431 0.722948 0.721082 0.716752 0.719888
 0.673045 0.670965 0.383527 0.724626 0.724626 0.724626 0.726705 0.724626 0.6302 0.378952 0.454243 0.436772 0.464226 0.967554 0.967554 0.967554 0.967554 0.967554 1 0.967554 0.967554 0.967554 0.967554 0.967554 0.967554 0.967554 0.967554 1 0.967554 0 0.967554 0.967554 0.967554 0.967554 0.456795 0.958403 0.706179 0.706179 0.70777 0.72685 0.710157 0.714832 0.625107 0.462066 0.717871 0.451948 0.44738 0.358974 0.594253 0.693078 0.595124 0.707243 0.692005 0.692341 0.707968 0.594203 0.704485 0.791943 0.712955 0.334542 0.335601 0.333333 0.472527 0.47226 0.425883 0.452042 0.352697 0.468302 0.466204 0.468736 0.46642 0.46642 0.462714 0.46642 0.467346 0.464319 0.46988 0.468489 0.467779 0.374942 0.696984 0.713886 0.715152 0.715152 0.726807 0.715152 0.71655 0.840093 0.715152 0.724942 0.71655 0.715152 0.714685 0.715618 0.715152 0.791511 0.722481 0.720616 0.713019 0.717554
 0.675957 0.673877 0.386023 0.727537 0.727537 0.727537 0.730033 0.728369 0.63228 0.380616 0.456323 0.436772 0.46381 1 1 1 1 1 0.967554 1 1 1 1 1 1 1 1 0.967554 1 0.967554 0 1 1 1 0.451762 0.990336 0.713325 0.713325 0.711993 0.73277 0.713982 0.719507 0.625964 0.458208 0.719602 0.449784 0.446514 0.359844 0.593818 0.696561 0.594253 0.713351 0.6955 0.695842 0.714098 0.592446 0.708883 0.793714 0.71606 0.336355 0.336961 0.334696 0.472985 0.473177 0.42726 0.452042 0.348087 0.472466 0.470833 0.471978 0.471978 0.471978 0.467809 0.471051 0.471978 0.468953 0.47544 0.471733 0.473343 0.374478 0.703016 0.71808 0.719347 0.719347 0.73007 0.719347 0.720746 0.831235 0.719347 0.728205 0.720746 0.719347 0.718881 0.719814 0.719347 0.79431 0.722948 0.721082 0.716752 0.719888
 0.675957 0.673877 0.386023 0.727537 0.727537 0.727537 0.730033 0.728369 0.63228 0.380616 0.456323 0.436772 0.46381 1 1 1 1 1 0.967554 1 1 1 1 1 1 1 1 0.967554 1 0.967554 1 0 1 1 0.451762 0.990336 0.713325 0.713325 0.711993 0.73277 0.713982 0.719507 0.625964 0.458208 0.719602 0.449784 0.446514 0.359844 0.593818 0.696561 0.594253 0.713351 0.6955 0.695842 0.714098 0.592446 0.708883 0.793714 0.71606 0.336355 0.336961 0.334696 0.472985 0.473177 0.42726 0.452042 0.348087 0.472466 0.470833 0.471978 0.471978 0.471978 0.467809 0.471051 0.471978 0.468953 0.47544 0.471733 0.473343 0.374478 0.703016 0.71808 0.719347 0.719347 0.73007 0.719347 0.720746 0.831235 0.719347 0.728205 0.720746 0.719347 0.718881 0.719814 0.719347 0.79431 0.722948 0.721082 0.716752 0.719888
 0.675957 0.673877 0.386023 0.727537 0.727537 0.727537 0.730033 0.728369 0.63228 0.380616 0.456323 0.436772 0.46381 1 1 1 1 1 0.967554 1 1 1 1 1 1 1 1 0.967554 1 0.967554 1 1 0 1 0.451762 0.990336 0.713325 0.713325 0.711993 0.73277 0.713982 0.719507 0.625964 0.458208 0.719602 0.449784 0.446514 0.359844 0.593818 0.696561 0.594253 0.713351 0.6955 0.695842 0.714098 0.592446 0.708883 0.793714 0.71606 0.336355 0.336961 0.334696 0.472985 0.473177 0.42726 0.452042 0.348087 0.472466 0.470833 0.471978 0.471978 0.471978 0.467809 0.471051 0.471978 0.468953 0.47544 0.471733 0.473343 0.374478 0.703016 0.71808 0.719347 0.719347 0.73007 0.719347 0.720746 0.831235 0.719347 0.728205 0.720746 0.719347 0.718881 0.719814 0.719347 0.79431 0.722948 0.721082 0.716752 0.719888
 0.675957 0.673877 0.386023 0.727537 0.727537 0.727537 0.730033 0.728369 0.63228 0.380616 0.456323 0.436772 0.46381 1 1 1 1 1 0.967554 1 1 1 1 1 1 1 1 0.967554 1 0.967554 1 1 1 0 0.451762 0.990336 0.713325 0.713325 0.711993 0.73277 0.713982 0.719507 0.625964 0.458208 0.719602 0.449784 0.446514 0.359844 0.593818 0.696561 0.594253 0.713351 0.6955 0.695842 0.714098 0.592446 0.708883 0.793714 0.71606 0.336355 0.336961 0.334696 0.472985 0.473177 0.42726 0.452042 0.348087 0.472466 0.470833 0.471978 0.471978 0.471978 0.467809 0.471051 0.471978 0.468953 0.47544 0.471733 0.473343 0.374478 0.703016 0.71808 0.719347 0.719347 0.73007 0.719347 0.720746 0.831235 0.719347 0.728205 0.720746 0.719347 0.718881 0.719814 0.719347 0.79431 0.722948 0.721082 0.716752 0.719888
 0.418205 0.42156 0.401007 0.478188 0.478188 0.478188 0.475671 0.474832 0.467701 0.369128 0.539849 0.477349 0.458893 0.451762 0.451762 0.451762 0.451762 0.451762 0.456795 0.451762 0.451762 0.451762 0.451762 0.451762 0.451762 0.451762 0.451762 0.456795 0.451762 0.456795 0.451762 0.451762 0.451762 0.451762 0 0.44916 0.487179 0.487179 0.47424 0.484567 0.472163 0.471313 0.476435 0.600514 0.466897 0.563636 0.537029 0.362017 0.4532 0.464519 0.453635 0.457243 0.461337 0.461707 0.457968 0.450593 0.460862 0.471005 0.46362 0.386219 0.389116 0.384196 0.502747 0.504814 0.428637 0.435062 0.388197 0.50671 0.509722 0.507642 0.506716 0.506716 0.508106 0.508569 0.508569 0.509268 0.509731 0.509731 0.506722 0.424594 0.471926 0.464585 0.464336 0.464336 0.464802 0.464336 0.464336 0.458275 0.464336 0.467599 0.464336 0.464336 0.463869 0.464336 0.464336 0.461287 0.466884 0.467817 0.463369 0.469188
 0.67605 0.677311 0.384454 0.728571 0.728571 0.728571 0.730672 0.728571 0.633613 0.377731 0.454202 0.436134 0.463445 0.990336 0.990336 0.990336 0.990336 0.990336 0.958403 0.990336 0.990336 0.990336 0.990336 0.990336 0.990336 0.990336 0.990336 0.958403 0.990336 0.958403 0.990336 0.990336 0.990336 0.990336 0.44916 0 0.713325 0.713325 0.711993 0.73277 0.713982 0.719507 0.625964 0.456494 0.717006 0.448052 0.446514 0.359844 0.593818 0.69569 0.594253 0.712042 0.693753 0.693217 0.711909 0.592446 0.708443 0.793714 0.71606 0.336355 0.336961 0.334696 0.469322 0.469968 0.42726 0.447912 0.348087 0.46969 0.467593 0.468736 0.469199 0.469199 0.464567 0.467809 0.468736 0.466172 0.47266 0.468489 0.470561 0.367981 0.703016 0.71808 0.719347 0.719347 0.73007 0.719347 0.720746 0.831235 0.719347 0.728205 0.720746 0.719347 0.718881 0.719814 0.719347 0.79291 0.722948 0.721082 0.716752 0.719888
 0.595628 0.592686 0.40227 0.74359 0.74359 0.74359 0.741488 0.740227 0.606978 0.400168 0.473308 0.454393 0.493905 0.713325 0.713325 0.713325 0.713325 0.713325 0.706179 0.713325 0.713325 0.713325 0.713325 0.713325 0.713325 0.713325 0.713325 0.706179 0.713325 0.706179 0.713325 0.713325 0.713325 0.713325 0.487179 0.713325 0 1 0.747466 0.876533 0.731407 0.735232 0.637961 0.482212 0.781913 0.477922 0.481594 0.378531 0.612538 0.732259 0.612973 0.726003 0.730887 0.731291 0.727233 0.613527 0.724274 0.749889 0.78394 0.351768 0.353288 0.349228 0.5 0.497937 0.436898 0.481872 0.361457 0.50671 0.500463 0.503937 0.497916 0.497916 0.497453 0.500232 0.500232 0.496293 0.5 0.505097 0.49745 0.407889 0.906265 0.801491 0.797669 0.797669 0.808858 0.797669 0.798601 0.767366 0.797669 0.806527 0.798601 0.797669 0.800932 0.799534 0.797669 0.746735 0.806437 0.811101 0.801213 0.864613
 0.595628 0.592686 0.40227 0.74359 0.74359 0.74359 0.741488 0.740227 0.606978 0.400168 0.473308 0.454393 0.493905 0.713325 0.713325 0.713325 0.713325 0.713325 0.706179 0.713325 0.713325 0.713325 0.713325 0.713325 0.713325 0.713325 0.713325 0.706179 0.713325 0.706179 0.713325 0.713325 0.713325 0.713325 0.487179 0.713325 1 0 0.747466 0.876533 0.731407 0.735232 0.637961 0.482212 0.781913 0.477922 0.481594 0.378531 0.612538 0.732259 0.612973 0.726003 0.730887 0.731291 0.727233 0.613527 0.724274 0.749889 0.78394 0.351768 0.353288 0.349228 0.5 0.497937 0.436898 0.481872 0.361457 0.50671 0.500463 0.503937 0.497916 0.497916 0.497453 0.500232 0.500232 0.496293 0.5 0.505097 0.49745 0.407889 0.906265 0.801491 0.797669 0.797669 0.808858 0.797669 0.798601 0.767366 0.797669 0.806527 0.798601 0.797669 0.800932 0.799534 0.797669 0.746735 0.806437 0.811101 0.801213 0.864613
 0.617821 0.616132 0.386824 0.720861 0.720861 0.720861 0.722973 0.721284 0.592061 0.378378 0.469595 0.44299 0.47973 0.711993 0.711993 0.711993 0.711993 0.711993 0.70777 0.711993 0.711993 0.711993 0.711993 0.711993 0.711993 0.711993 0.711993 0.70777 0.711993 0.70777 0.711993 0.711993 0.711993 0.711993 0.47424 0.711993 0.747466 0.747466 0 0.766173 0.894603 0.897153 0.616538 0.471496 0.764171 0.470563 0.474664 0.373316 0.672181 0.952547 0.673052 0.894852 0.973351 0.972867 0.894483 0.681599 0.89314 0.760514 0.758651 0.343608 0.344671 0.341962 0.49359 0.495186 0.425883 0.477283 0.341632 0.496529 0.493519 0.495137 0.492358 0.492358 0.489115 0.492821 0.492821 0.489805 0.494439 0.495829 0.491423 0.391647 0.75406 0.772134 0.77296 0.77296 0.777622 0.77296 0.775291 0.756643 0.77296 0.774825 0.775291 0.77296 0.772028 0.773893 0.77296 0.770989 0.77472 0.773321 0.774148 0.770308
 0.601268 0.597886 0.389852 0.774207 0.774207 0.774207 0.770825 0.769133 0.597463 0.391966 0.474841 0.451163 0.477378 0.73277 0.73277 0.73277 0.73277 0.73277 0.72685 0.73277 0.73277 0.73277 0.73277 0.73277 0.73277 0.73277 0.73277 0.72685 0.73277 0.72685 0.73277 0.73277 0.73277 0.73277 0.484567 0.73277 0.876533 0.876533 0.766173 0 0.754356 0.759031 0.62982 0.484355 0.813501 0.477922 0.485925 0.377227 0.607314 0.750544 0.607314 0.75 0.743993 0.743107 0.749124 0.610892 0.748021 0.772908 0.81189 0.354034 0.356463 0.353769 0.497253 0.496561 0.426342 0.477283 0.363762 0.502545 0.498148 0.501621 0.496063 0.496063 0.495137 0.497453 0.498379 0.494903 0.499073 0.503244 0.496523 0.401392 0.865893 0.831314 0.829371 0.829371 0.846154 0.829371 0.832168 0.789744 0.829371 0.843357 0.832168 0.829371 0.830303 0.831702 0.829371 0.772388 0.839552 0.838619 0.829678 0.900093
 0.617935 0.620059 0.381215 0.717807 0.717807 0.717807 0.716532 0.715682 0.591585 0.373141 0.467488 0.439014 0.473438 0.713982 0.713982 0.713982 0.713982 0.713982 0.710157 0.713982 0.713982 0.713982 0.713982 0.713982 0.713982 0.713982 0.713982 0.710157 0.713982 0.710157 0.713982 0.713982 0.713982 0.713982 0.472163 0.713982 0.731407 0.731407 0.894603 0.754356 0 0.99235 0.614396 0.478354 0.74167 0.464502 0.476397 0.362886 0.673923 0.88855 0.674358 0.974695 0.898646 0.898031 0.974606 0.682477 0.992084 0.762284 0.742236 0.344515 0.346939 0.343324 0.494963 0.494727 0.421753 0.47866 0.346243 0.495604 0.493056 0.493284 0.492358 0.492358 0.489115 0.491894 0.492358 0.488879 0.493976 0.494439 0.49096 0.387935 0.735499 0.754893 0.755245 0.755245 0.761772 0.755245 0.756177 0.744056 0.755245 0.764103 0.756177 0.755245 0.754312 0.756177 0.755245 0.770989 0.759795 0.759795 0.756416 0.761905
 0.621759 0.623459 0.382915 0.722057 0.722057 0.722057 0.720357 0.719507 0.594985 0.374841 0.466638 0.439439 0.473438 0.719507 0.719507 0.719507 0.719507 0.719507 0.714832 0.719507 0.719507 0.719507 0.719507 0.719507 0.719507 0.719507 0.719507 0.714832 0.719507 0.714832 0.719507 0.719507 0.719507 0.719507 0.471313 0.719507 0.735232 0.735232 0.897153 0.759031 0.99235 0 0.617823 0.477497 0.74643 0.4671 0.477696 0.362451 0.677405 0.891598 0.677841 0.977312 0.901704 0.901094 0.977233 0.68599 0.994723 0.766711 0.747116 0.345422 0.347846 0.343778 0.494963 0.494269 0.424966 0.480496 0.343476 0.497918 0.49537 0.4956 0.494673 0.494673 0.491431 0.49421 0.494673 0.492122 0.496293 0.496756 0.493278 0.387007 0.739675 0.760019 0.760373 0.760373 0.7669 0.760373 0.761305 0.748252 0.760373 0.769231 0.761305 0.760373 0.759441 0.761305 0.760373 0.775187 0.764459 0.764459 0.761083 0.766573
 0.54156 0.540274 0.388603 0.595544 0.595544 0.595544 0.595973 0.594687 0.907027 0.397601 0.474722 0.416452 0.466153 0.625964 0.625964 0.625964 0.625964 0.625964 0.625107 0.625964 0.625964 0.625964 0.625964 0.625964 0.625964 0.625964 0.625964 0.625107 0.625964 0.625107 0.625964 0.625964 0.625964 0.625964 0.476435 0.625964 0.637961 0.637961 0.616538 0.62982 0.614396 0.617823 0 0.483926 0.614885 0.468831 0.478562 0.361147 0.669569 0.616021 0.669134 0.608202 0.609873 0.60919 0.607268 0.685112 0.60686 0.617973 0.606477 0.348595 0.349206 0.344687 0.496795 0.498854 0.429096 0.489674 0.359152 0.503471 0.50463 0.503011 0.498842 0.498842 0.499768 0.502547 0.500232 0.49861 0.501854 0.505561 0.499305 0.402784 0.624594 0.6137 0.614452 0.614452 0.621445 0.614452 0.615385 0.617716 0.614452 0.623776 0.615385 0.614452 0.611189 0.61352 0.614452 0.615205 0.617537 0.619403 0.612692 0.61718
 0.426061 0.426918 0.386627 0.476211 0.476211 0.476211 0.472353 0.471496 0.475354 0.36691 0.543078 0.459923 0.457351 0.458208 0.458208 0.458208 0.458208 0.458208 0.462066 0.458208 0.458208 0.458208 0.458208 0.458208 0.458208 0.458208 0.458208 0.462066 0.458208 0.462066 0.458208 0.458208 0.458208 0.458208 0.600514 0.456494 0.482212 0.482212 0.471496 0.484355 0.478354 0.477497 0.483926 0 0.477715 0.578355 0.547856 0.349413 0.457553 0.468437 0.457989 0.470768 0.466142 0.466083 0.471103 0.462011 0.470536 0.475874 0.474268 0.374433 0.373696 0.376022 0.467949 0.468134 0.452501 0.442864 0.368373 0.478019 0.480093 0.479389 0.478462 0.478462 0.477999 0.479389 0.478462 0.477757 0.480074 0.481464 0.478906 0.429698 0.472854 0.471575 0.470396 0.470396 0.471795 0.470396 0.470396 0.467599 0.470396 0.474126 0.470396 0.470396 0.471795 0.471329 0.470396 0.471549 0.472015 0.472015 0.470835 0.471055
 0.606231 0.602337 0.395067 0.886196 0.886196 0.886196 0.897014 0.894851 0.583297 0.384682 0.466032 0.434877 0.470792 0.719602 0.719602 0.719602 0.719602 0.719602 0.717871 0.719602 0.719602 0.719602 0.719602 0.719602 0.719602 0.719602 0.719602 0.717871 0.719602 0.717871 0.719602 0.719602 0.719602 0.719602 0.466897 0.717006 0.781913 0.781913 0.764171 0.813501 0.74167 0.74643 0.614885 0.477715 0 0.460606 0.473798 0.359409 0.599913 0.752286 0.600784 0.749564 0.746614 0.746171 0.748687 0.607817 0.744503 0.772023 0.983585 0.339529 0.341043 0.339237 0.490842 0.491518 0.424048 0.471317 0.35823 0.487274 0.484259 0.485873 0.482168 0.482168 0.482168 0.483557 0.483094 0.481928 0.485171 0.486562 0.482151 0.40232 0.777262 0.90028 0.900233 0.900233 0.900233 0.900233 0.900233 0.779487 0.900233 0.900233 0.900233 0.900233 0.900233 0.900233 0.900233 0.776586 0.900187 0.900187 0.90014 0.810458
 0.421645 0.425108 0.377489 0.466234 0.466234 0.466234 0.462338 0.462338 0.462771 0.383117 0.525108 0.429437 0.441991 0.449784 0.449784 0.449784 0.449784 0.449784 0.451948 0.449784 0.449784 0.449784 0.449784 0.449784 0.449784 0.449784 0.449784 0.451948 0.449784 0.451948 0.449784 0.449784 0.449784 0.449784 0.563636 0.448052 0.477922 0.477922 0.470563 0.477922 0.464502 0.4671 0.468831 0.578355 0.460606 0 0.531399 0.345502 0.445799 0.461471 0.446234 0.458115 0.467453 0.467834 0.45972 0.451032 0.462181 0.47189 0.456078 0.380326 0.381406 0.385104 0.475275 0.474094 0.442864 0.443782 0.383587 0.46969 0.474074 0.469662 0.473367 0.473367 0.471978 0.477999 0.474757 0.47266 0.476367 0.47127 0.475197 0.414385 0.47007 0.45713 0.458741 0.458741 0.461072 0.458741 0.460606 0.46014 0.458741 0.462005 0.460606 0.458741 0.456876 0.457809 0.458741 0.469216 0.464086 0.464086 0.456836 0.463585
 0.414465 0.416197 0.404071 0.475097 0.475097 0.475097 0.474664 0.473798 0.478995 0.368125 0.744478 0.453443 0.473798 0.446514 0.446514 0.446514 0.446514 0.446514 0.44738 0.446514 0.446514 0.446514 0.446514 0.446514 0.446514 0.446514 0.446514 0.44738 0.446514 0.44738 0.446514 0.446514 0.446514 0.446514 0.537029 0.446514 0.481594 0.481594 0.474664 0.485925 0.476397 0.477696 0.478562 0.547856 0.473798 0.531399 0 0.389396 0.468002 0.475403 0.468437 0.47164 0.470948 0.471772 0.471979 0.471673 0.471856 0.471448 0.470275 0.376247 0.373696 0.37693 0.506868 0.505731 0.429555 0.455255 0.390503 0.509024 0.508796 0.507642 0.508106 0.508106 0.507179 0.512274 0.509958 0.508804 0.507878 0.506487 0.50904 0.429698 0.477494 0.469245 0.468998 0.468998 0.468998 0.468998 0.470862 0.459207 0.468998 0.46993 0.470862 0.468998 0.468531 0.468531 0.468998 0.46875 0.465485 0.465951 0.468502 0.478058
