 0 0.959849 0.167239 0.528868 0.528868 0.528868 0.530793 0.528687 0.398085 0.154063 0.23418 0.234148 0.25706 0.595089 0.595089 0.595089 0.595089 0.595089 0.588847 0.595089 0.595089 0.595089 0.595089 0.595089 0.595089 0.595089 0.595089 0.588847 0.595089 0.588847 0.595089 0.595089 0.595089 0.595089 0.247167 0.599832 0.488225 0.488225 0.536967 0.510575 0.539966 0.545493 0.40763 0.237564 0.520779 0.237765 0.235702 0.201739 0.387195 0.516115 0.387631 0.532955 0.516171 0.517075 0.532194 0.392355 0.527937 0.676705 0.523746 0.142857 0.144737 0.142208 0.282639 0.285321 0.203857 0.270891 0.133303 0.289352 0.293191 0.28962 0.28962 0.28962 0.28823 0.291474 0.2924 0.288363 0.292536 0.288363 0.292208 0.208449 0.517177 0.577156 0.582556 0.582556 0.597481 0.582556 0.579757 0.638526 0.582556 0.594683 0.579757 0.582556 0.579291 0.58069 0.582556 0.720019 0.590294 0.590294 0.577498 0.551611
 0.959849 0 0.165522 0.527329 0.527329 0.527329 0.527714 0.525606 0.398484 0.15889 0.232971 0.22959 0.251246 0.599251 0.599251 0.599251 0.599251 0.599251 0.594673 0.599251 0.599251 0.599251 0.599251 0.599251 0.599251 0.599251 0.599251 0.594673 0.599251 0.594673 0.599251 0.599251 0.599251 0.599251 0.245489 0.604456 0.487384 0.487384 0.533164 0.507614 0.541241 0.546769 0.406772 0.238851 0.517316 0.237765 0.234402 0.199565 0.387631 0.514373 0.388066 0.533828 0.512238 0.513135 0.533509 0.393234 0.529256 0.654119 0.521527 0.146032 0.148367 0.144934 0.281722 0.284404 0.20202 0.267677 0.137454 0.287963 0.291802 0.288693 0.288693 0.288693 0.28684 0.290083 0.29101 0.286973 0.291145 0.286973 0.290816 0.207057 0.516713 0.574359 0.577892 0.577892 0.59375 0.577892 0.575093 0.641791 0.577892 0.590951 0.575093 0.577892 0.576493 0.577892 0.577892 0.693887 0.587028 0.585628 0.574697 0.547875
 0.167239 0.165522 0 0.193226 0.193226 0.193226 0.19438 0.19407 0.194256 0.115044 0.19871 0.185247 0.47093 0.202663 0.202663 0.202663 0.202663 0.202663 0.200999 0.202663 0.202663 0.202663 0.202663 0.202663 0.202663 0.202663 0.202663 0.200999 0.202663 0.200999 0.202663 0.202663 0.202663 0.202663 0.224087 0.201765 0.227502 0.227502 0.217997 0.224619 0.214711 0.214711 0.210887 0.204117 0.217749 0.206583 0.215338 0.26 0.225174 0.219512 0.225174 0.215626 0.220717 0.220665 0.215944 0.225395 0.216014 0.220549 0.221039 0.150113 0.149728 0.149932 0.2153 0.219266 0.259412 0.265381 0.15821 0.222222 0.225567 0.226135 0.225209 0.225209 0.225209 0.227062 0.226135 0.222531 0.225313 0.222995 0.225417 0.259517 0.233983 0.222378 0.221549 0.221549 0.219216 0.221549 0.220616 0.216418 0.221549 0.21875 0.220616 0.221549 0.221549 0.221549 0.221549 0.223518 0.219785 0.219319 0.222222 0.229332
 0.528868 0.527329 0.193226 0 1 1 0.983064 0.980362 0.502992 0.161303 0.297058 0.268545 0.285714 0.663337 0.663337 0.663337 0.663337 0.663337 0.660841 0.663337 0.663337 0.663337 0.663337 0.663337 0.663337 0.663337 0.663337 0.660841 0.663337 0.660841 0.663337 0.663337 0.663337 0.663337 0.298363 0.662884 0.690076 0.690076 0.654415 0.726734 0.650085 0.656037 0.483926 0.292024 0.87619 0.284539 0.298527 0.203913 0.45601 0.638066 0.456446 0.640768 0.631556 0.630473 0.639071 0.460018 0.641443 0.704606 0.889925 0.162812 0.165608 0.161745 0.340815 0.339908 0.241965 0.320937 0.155904 0.347685 0.347846 0.348471 0.34569 0.34569 0.34569 0.343373 0.347544 0.343996 0.348169 0.348632 0.346939 0.244197 0.755803 0.97669 0.979478 0.979478 0.935168 0.979478 0.976213 0.745802 0.979478 0.931903 0.976213 0.979478 0.979478 0.982743 0.979478 0.749883 0.935604 0.932338 0.973856 0.796357
 0.528868 0.527329 0.193226 1 0 1 0.983064 0.980362 0.502992 0.161303 0.297058 0.268545 0.285714 0.663337 0.663337 0.663337 0.663337 0.663337 0.660841 0.663337 0.663337 0.663337 0.663337 0.663337 0.663337 0.663337 0.663337 0.660841 0.663337 0.660841 0.663337 0.663337 0.663337 0.663337 0.298363 0.662884 0.690076 0.690076 0.654415 0.726734 0.650085 0.656037 0.483926 0.292024 0.87619 0.284539 0.298527 0.203913 0.45601 0.638066 0.456446 0.640768 0.631556 0.630473 0.639071 0.460018 0.641443 0.704606 0.889925 0.162812 0.165608 0.161745 0.340815 0.339908 0.241965 0.320937 0.155904 0.347685 0.347846 0.348471 0.34569 0.34569 0.34569 0.343373 0.347544 0.343996 0.348169 0.348632 0.346939 0.244197 0.755803 0.97669 0.979478 0.979478 0.935168 0.979478 0.976213 0.745802 0.979478 0.931903 0.976213 0.979478 0.979478 0.982743 0.979478 0.749883 0.935604 0.932338 0.973856 0.796357
 0.528868 0.527329 0.193226 1 1 0 0.983064 0.980362 0.502992 0.161303 0.297058 0.268545 0.285714 0.663337 0.663337 0.663337 0.663337 0.663337 0.660841 0.663337 0.663337 0.663337 0.663337 0.663337 0.663337 0.663337 0.663337 0.660841 0.663337 0.660841 0.663337 0.663337 0.663337 0.663337 0.298363 0.662884 0.690076 0.690076 0.654415 0.726734 0.650085 0.656037 0.483926 0.292024 0.87619 0.284539 0.298527 0.203913 0.45601 0.638066 0.456446 0.640768 0.631556 0.630473 0.639071 0.460018 0.641443 0.704606 0.889925 0.162812 0.165608 0.161745 0.340815 0.339908 0.241965 0.320937 0.155904 0.347685 0.347846 0.348471 0.34569 0.34569 0.34569 0.343373 0.347544 0.343996 0.348169 0.348632 0.346939 0.244197 0.755803 0.97669 0.979478 0.979478 0.935168 0.979478 0.976213 0.745802 0.979478 0.931903 0.976213 0.979478 0.979478 0.982743 0.979478 0.749883 0.935604 0.932338 0.973856 0.796357
 0.530793 0.527714 0.19438 0.983064 0.983064 0.983064 0 0.997305 0.500997 0.16251 0.29343 0.267302 0.289452 0.667083 0.667083 0.667083 0.667083 0.667083 0.665418 0.667083 0.667083 0.667083 0.667083 0.667083 0.667083 0.667083 0.667083 0.665418 0.667083 0.665418 0.667083 0.667083 0.667083 0.667083 0.295846 0.665826 0.688814 0.688814 0.65864 0.724196 0.649235 0.655187 0.482212 0.287736 0.889177 0.281507 0.297227 0.204783 0.461672 0.639808 0.462108 0.639895 0.630245 0.629159 0.638633 0.466608 0.640563 0.705492 0.90324 0.160544 0.163339 0.159473 0.338067 0.340367 0.242424 0.3191 0.155443 0.346759 0.34692 0.347544 0.3443 0.3443 0.344764 0.342447 0.346154 0.343069 0.346778 0.347705 0.345547 0.244661 0.75441 0.990676 1 1 0.918377 1 0.996735 0.753265 1 0.915112 0.996735 1 0.99347 0.996735 1 0.750817 0.915539 0.912273 0.987862 0.794021
 0.528687 0.525606 0.19407 0.980362 0.980362 0.980362 0.997305 0 0.499003 0.162912 0.292624 0.266888 0.289037 0.665002 0.665002 0.665002 0.665002 0.665002 0.662505 0.665002 0.665002 0.665002 0.665002 0.665002 0.665002 0.665002 0.665002 0.662505 0.665002 0.662505 0.665002 0.665002 0.665002 0.665002 0.295426 0.663304 0.686712 0.686712 0.656105 0.721658 0.646684 0.652636 0.47964 0.287307 0.886147 0.281507 0.29636 0.203478 0.459059 0.637195 0.459495 0.637713 0.627622 0.626532 0.636005 0.463972 0.637923 0.702834 0.900133 0.159184 0.161978 0.15811 0.337609 0.339908 0.241965 0.315886 0.154982 0.346296 0.346457 0.347544 0.3443 0.3443 0.344764 0.342447 0.346154 0.342605 0.346314 0.347242 0.345083 0.244661 0.751625 0.987413 0.996735 0.996735 0.915112 0.996735 0.99347 0.75 0.996735 0.911847 0.99347 0.996735 0.990205 0.99347 0.996735 0.748483 0.912739 0.909473 0.985061 0.791686
 0.398085 0.398484 0.194256 0.502992 0.502992 0.502992 0.500997 0.499003 0 0.165728 0.294236 0.244923 0.272425 0.531419 0.531419 0.531419 0.531419 0.531419 0.529754 0.531419 0.531419 0.531419 0.531419 0.531419 0.531419 0.531419 0.531419 0.529754 0.531419 0.529754 0.531419 0.531419 0.531419 0.531419 0.291649 0.533417 0.493692 0.493692 0.47444 0.494501 0.473639 0.477041 0.902272 0.289022 0.459307 0.286704 0.301127 0.200435 0.546603 0.469077 0.544861 0.458315 0.458479 0.457093 0.456417 0.552724 0.458425 0.496457 0.460719 0.164626 0.166062 0.162653 0.350435 0.352294 0.239669 0.336547 0.156365 0.361574 0.361742 0.360519 0.359592 0.359592 0.358202 0.359129 0.360982 0.359295 0.362077 0.361613 0.360853 0.236769 0.525534 0.511422 0.512127 0.512127 0.51959 0.512127 0.512593 0.521455 0.512127 0.521922 0.512593 0.512127 0.509328 0.511194 0.512127 0.515632 0.519365 0.520299 0.511204 0.527324
 0.154063 0.15889 0.115044 0.161303 0.161303 0.161303 0.16251 0.162912 0.165728 0 0.155179 0.151678 0.144934 0.168539 0.168539 0.168539 0.168539 0.168539 0.168539 0.168539 0.168539 0.168539 0.168539 0.168539 0.168539 0.168539 0.168539 0.168539 0.168539 0.168539 0.168539 0.168539 0.168539 0.168539 0.155266 0.163094 0.175778 0.175778 0.164766 0.17132 0.164541 0.166241 0.171453 0.150086 0.165368 0.173235 0.164211 0.0943478 0.158101 0.158537 0.157666 0.162375 0.158654 0.158494 0.162067 0.159051 0.159261 0.167405 0.162894 0.207256 0.204174 0.206724 0.165827 0.162385 0.152433 0.139578 0.225092 0.161111 0.159796 0.163114 0.15987 0.15987 0.159407 0.159407 0.15848 0.157163 0.157626 0.160408 0.158163 0.150418 0.165274 0.165035 0.165112 0.165112 0.163246 0.165112 0.165112 0.164646 0.165112 0.161847 0.165112 0.165112 0.165578 0.165578 0.165112 0.161456 0.164722 0.164256 0.165733 0.160673
 0.23418 0.232971 0.19871 0.297058 0.297058 0.297058 0.29343 0.292624 0.294236 0.155179 0 0.263572 0.273671 0.287973 0.287973 0.287973 0.287973 0.287973 0.287557 0.287973 0.287973 0.287973 0.287973 0.287973 0.287973 0.287973 0.287973 0.287557 0.287973 0.287557 0.287973 0.287973 0.287973 0.287973 0.412086 0.286255 0.309504 0.309504 0.306295 0.315144 0.304847 0.304847 0.310759 0.426244 0.293074 0.385881 0.689341 0.216087 0.282666 0.295296 0.282666 0.293758 0.29458 0.294658 0.29435 0.291301 0.293005 0.304252 0.29028 0.185941 0.183757 0.182644 0.353184 0.351376 0.260331 0.29247 0.173432 0.357407 0.357573 0.354495 0.361446 0.361446 0.356348 0.359129 0.360519 0.359759 0.361613 0.35605 0.361317 0.263695 0.306871 0.301632 0.301772 0.301772 0.299907 0.301772 0.302239 0.300373 0.301772 0.299907 0.302239 0.301772 0.30084 0.301306 0.301772 0.309379 0.304246 0.304713 0.30112 0.312004
 0.234148 0.22959 0.185247 0.268545 0.268545 0.268545 0.267302 0.266888 0.244923 0.151678 0.263572 0 0.252907 0.248856 0.248856 0.248856 0.248856 0.248856 0.249688 0.248856 0.248856 0.248856 0.248856 0.248856 0.248856 0.248856 0.248856 0.249688 0.248856 0.249688 0.248856 0.248856 0.248856 0.248856 0.29123 0.249685 0.262405 0.262405 0.263625 0.264805 0.255102 0.256378 0.23832 0.276587 0.244589 0.245561 0.263432 0.21913 0.222997 0.248693 0.222997 0.241379 0.245629 0.24606 0.241787 0.224517 0.243731 0.259079 0.246782 0.175964 0.176497 0.17901 0.273935 0.274771 0.220386 0.213039 0.176199 0.278704 0.275127 0.279889 0.276182 0.276182 0.276645 0.277572 0.275718 0.275846 0.275382 0.279091 0.275046 0.227484 0.264624 0.258275 0.259795 0.259795 0.259795 0.259795 0.259795 0.257463 0.259795 0.25653 0.259795 0.259795 0.257463 0.258862 0.259795 0.257116 0.261316 0.261316 0.258637 0.266698
 0.25706 0.251246 0.47093 0.285714 0.285714 0.285714 0.289452 0.289037 0.272425 0.144934 0.273671 0.252907 0 0.284644 0.284644 0.284644 0.284644 0.284644 0.283396 0.284644 0.284644 0.284644 0.284644 0.284644 0.284644 0.284644 0.284644 0.283396 0.284644 0.283396 0.284644 0.284644 0.284644 0.284644 0.276123 0.284153 0.315812 0.315812 0.306717 0.307953 0.302296 0.301446 0.28204 0.280446 0.291342 0.268081 0.285095 0.281304 0.292683 0.303571 0.293118 0.29725 0.303322 0.302977 0.296978 0.294815 0.298284 0.29318 0.292499 0.168707 0.169238 0.167651 0.27989 0.284404 0.311295 0.291093 0.175277 0.293519 0.29597 0.294717 0.296108 0.296108 0.295644 0.299351 0.297034 0.293463 0.297172 0.293463 0.29731 0.275766 0.306871 0.28951 0.290578 0.290578 0.288246 0.290578 0.290578 0.287313 0.290578 0.288713 0.290578 0.290578 0.288713 0.289179 0.290578 0.288847 0.286981 0.286514 0.289916 0.297057
 0.595089 0.599251 0.202663 0.663337 0.663337 0.663337 0.667083 0.665002 0.531419 0.168539 0.287973 0.248856 0.284644 0 1 1 1 1 0.960882 1 1 1 1 1 1 1 1 0.960882 1 0.960882 1 1 1 1 0.285774 0.990332 0.644659 0.644659 0.637093 0.667513 0.644133 0.650085 0.52679 0.276158 0.654545 0.27068 0.273397 0.203478 0.487805 0.618902 0.487805 0.641641 0.615822 0.615587 0.6417 0.48638 0.636604 0.757307 0.65202 0.156009 0.158348 0.155838 0.321576 0.321101 0.231864 0.314968 0.15452 0.327778 0.327466 0.328545 0.328082 0.328082 0.324838 0.322984 0.328545 0.32267 0.330552 0.328697 0.329777 0.230269 0.625812 0.654545 0.657183 0.657183 0.667444 0.657183 0.658582 0.802705 0.657183 0.664179 0.658582 0.657183 0.65625 0.657649 0.657183 0.759216 0.660289 0.657023 0.653595 0.651098
 0.595089 0.599251 0.202663 0.663337 0.663337 0.663337 0.667083 0.665002 0.531419 0.168539 0.287973 0.248856 0.284644 1 0 1 1 1 0.960882 1 1 1 1 1 1 1 1 0.960882 1 0.960882 1 1 1 1 0.285774 0.990332 0.644659 0.644659 0.637093 0.667513 0.644133 0.650085 0.52679 0.276158 0.654545 0.27068 0.273397 0.203478 0.487805 0.618902 0.487805 0.641641 0.615822 0.615587 0.6417 0.48638 0.636604 0.757307 0.65202 0.156009 0.158348 0.155838 0.321576 0.321101 0.231864 0.314968 0.15452 0.327778 0.327466 0.328545 0.328082 0.328082 0.324838 0.322984 0.328545 0.32267 0.330552 0.328697 0.329777 0.230269 0.625812 0.654545 0.657183 0.657183 0.667444 0.657183 0.658582 0.802705 0.657183 0.664179 0.658582 0.657183 0.65625 0.657649 0.657183 0.759216 0.660289 0.657023 0.653595 0.651098
 0.595089 0.599251 0.202663 0.663337 0.663337 0.663337 0.667083 0.665002 0.531419 0.168539 0.287973 0.248856 0.284644 1 1 0 1 1 0.960882 1 1 1 1 1 1 1 1 0.960882 1 0.960882 1 1 1 1 0.285774 0.990332 0.644659 0.644659 0.637093 0.667513 0.644133 0.650085 0.52679 0.276158 0.654545 0.27068 0.273397 0.203478 0.487805 0.618902 0.487805 0.641641 0.615822 0.615587 0.6417 0.48638 0.636604 0.757307 0.65202 0.156009 0.158348 0.155838 0.321576 0.321101 0.231864 0.314968 0.15452 0.327778 0.327466 0.328545 0.328082 0.328082 0.324838 0.322984 0.328545 0.32267 0.330552 0.328697 0.329777 0.230269 0.625812 0.654545 0.657183 0.657183 0.667444 0.657183 0.658582 0.802705 0.657183 0.664179 0.658582 0.657183 0.65625 0.657649 0.657183 0.759216 0.660289 0.657023 0.653595 0.651098
 0.595089 0.599251 0.202663 0.663337 0.663337 0.663337 0.667083 0.665002 0.531419 0.168539 0.287973 0.248856 0.284644 1 1 1 0 1 0.960882 1 1 1 1 1 1 1 1 0.960882 1 0.960882 1 1 1 1 0.285774 0.990332 0.644659 0.644659 0.637093 0.667513 0.644133 0.650085 0.52679 0.276158 0.654545 0.27068 0.273397 0.203478 0.487805 0.618902 0.487805 0.641641 0.615822 0.615587 0.6417 0.48638 0.636604 0.757307 0.65202 0.156009 0.158348 0.155838 0.321576 0.321101 0.231864 0.314968 0.15452 0.327778 0.327466 0.328545 0.328082 0.328082 0.324838 0.322984 0.328545 0.32267 0.330552 0.328697 0.329777 0.230269 0.625812 0.654545 0.657183 0.657183 0.667444 0.657183 0.658582 0.802705 0.657183 0.664179 0.658582 0.657183 0.65625 0.657649 0.657183 0.759216 0.660289 0.657023 0.653595 0.651098
 0.595089 0.599251 0.202663 0.663337 0.663337 0.663337 0.667083 0.665002 0.531419 0.168539 0.287973 0.248856 0.284644 1 1 1 1 0 0.960882 1 1 1 1 1 1 1 1 0.960882 1 0.960882 1 1 1 1 0.285774 0.990332 0.644659 0.644659 0.637093 0.667513 0.644133 0.650085 0.52679 0.276158 0.654545 0.27068 0.273397 0.203478 0.487805 0.618902 0.487805 0.641641 0.615822 0.615587 0.6417 0.48638 0.636604 0.757307 0.65202 0.156009 0.158348 0.155838 0.321576 0.321101 0.231864 0.314968 0.15452 0.327778 0.327466 0.328545 0.328082 0.328082 0.324838 0.322984 0.328545 0.32267 0.330552 0.328697 0.329777 0.230269 0.625812 0.654545 0.657183 0.657183 0.667444 0.657183 0.658582 0.802705 0.657183 0.664179 0.658582 0.657183 0.65625 0.657649 0.657183 0.759216 0.660289 0.657023 0.653595 0.651098
 0.588847 0.594673 0.200999 0.660841 0.660841 0.660841 0.665418 0.662505 0.529754 0.168539 0.287557 0.249688 0.283396 0.960882 0.960882 0.960882 0.960882 0.960882 0 0.960882 0.960882 0.960882 0.960882 0.960882 0.960882 0.960882 0.960882 1 0.960882 1 0.960882 0.960882 0.960882 0.960882 0.288712 0.95124 0.635828 0.635828 0.632024 0.663706 0.639031 0.644558 0.52679 0.276587 0.65368 0.271113 0.273397 0.201304 0.487805 0.614111 0.48824 0.634221 0.611014 0.610771 0.634253 0.487258 0.630884 0.751993 0.648913 0.154649 0.156987 0.154021 0.319743 0.319725 0.230946 0.313131 0.160055 0.325463 0.324687 0.327155 0.324374 0.324374 0.322057 0.320204 0.325765 0.319889 0.326843 0.327306 0.326067 0.230734 0.619313 0.650816 0.654384 0.654384 0.663246 0.654384 0.655784 0.812966 0.654384 0.659981 0.655784 0.654384 0.652519 0.653918 0.654384 0.754083 0.658889 0.655623 0.648459 0.649229
 0.595089 0.599251 0.202663 0.663337 0.663337 0.663337 0.667083 0.665002 0.531419 0.168539 0.287973 0.248856 0.284644 1 1 1 1 1 0.960882 0 1 1 1 1 1 1 1 0.960882 1 0.960882 1 1 1 1 0.285774 0.990332 0.644659 0.644659 0.637093 0.667513 0.644133 0.650085 0.52679 0.276158 0.654545 0.27068 0.273397 0.203478 0.487805 0.618902 0.487805 0.641641 0.615822 0.615587 0.6417 0.48638 0.636604 0.757307 0.65202 0.156009 0.158348 0.155838 0.321576 0.321101 0.231864 0.314968 0.15452 0.327778 0.327466 0.328545 0.328082 0.328082 0.324838 0.322984 0.328545 0.32267 0.330552 0.328697 0.329777 0.230269 0.625812 0.654545 0.657183 0.657183 0.667444 0.657183 0.658582 0.802705 0.657183 0.664179 0.658582 0.657183 0.65625 0.657649 0.657183 0.759216 0.660289 0.657023 0.653595 0.651098
 0.595089 0.599251 0.202663 0.663337 0.663337 0.663337 0.667083 0.665002 0.531419 0.168539 0.287973 0.248856 0.284644 1 1 1 1 1 0.960882 1 0 1 1 1 1 1 1 0.960882 1 0.960882 1 1 1 1 0.285774 0.990332 0.644659 0.644659 0.637093 0.667513 0.644133 0.650085 0.52679 0.276158 0.654545 0.27068 0.273397 0.203478 0.487805 0.618902 0.487805 0.641641 0.615822 0.615587 0.6417 0.48638 0.636604 0.757307 0.65202 0.156009 0.158348 0.155838 0.321576 0.321101 0.231864 0.314968 0.15452 0.327778 0.327466 0.328545 0.328082 0.328082 0.324838 0.322984 0.328545 0.32267 0.330552 0.328697 0.329777 0.230269 0.625812 0.654545 0.657183 0.657183 0.667444 0.657183 0.658582 0.802705 0.657183 0.664179 0.658582 0.657183 0.65625 0.657649 0.657183 0.759216 0.660289 0.657023 0.653595 0.651098
 0.595089 0.599251 0.202663 0.663337 0.663337 0.663337 0.667083 0.665002 0.531419 0.168539 0.287973 0.248856 0.284644 1 1 1 1 1 0.960882 1 1 0 1 1 1 1 1 0.960882 1 0.960882 1 1 1 1 0.285774 0.990332 0.644659 0.644659 0.637093 0.667513 0.644133 0.650085 0.52679 0.276158 0.654545 0.27068 0.273397 0.203478 0.487805 0.618902 0.487805 0.641641 0.615822 0.615587 0.6417 0.48638 0.636604 0.757307 0.65202 0.156009 0.158348 0.155838 0.321576 0.321101 0.231864 0.314968 0.15452 0.327778 0.327466 0.328545 0.328082 0.328082 0.324838 0.322984 0.328545 0.32267 0.330552 0.328697 0.329777 0.230269 0.625812 0.654545 0.657183 0.657183 0.667444 0.657183 0.658582 0.802705 0.657183 0.664179 0.658582 0.657183 0.65625 0.657649 0.657183 0.759216 0.660289 0.657023 0.653595 0.651098
 0.595089 0.599251 0.202663 0.663337 0.663337 0.663337 0.667083 0.665002 0.531419 0.168539 0.287973 0.248856 0.284644 1 1 1 1 1 0.960882 1 1 1 0 1 1 1 1 0.960882 1 0.960882 1 1 1 1 0.285774 0.990332 0.644659 0.644659 0.637093 0.667513 0.644133 0.650085 0.52679 0.276158 0.654545 0.27068 0.273397 0.203478 0.487805 0.618902 0.487805 0.641641 0.615822 0.615587 0.6417 0.48638 0.636604 0.757307 0.65202 0.156009 0.158348 0.155838 0.321576 0.321101 0.231864 0.314968 0.15452 0.327778 0.327466 0.328545 0.328082 0.328082 0.324838 0.322984 0.328545 0.32267 0.330552 0.328697 0.329777 0.230269 0.625812 0.654545 0.657183 0.657183 0.667444 0.657183 0.658582 0.802705 0.657183 0.664179 0.658582 0.657183 0.65625 0.657649 0.657183 0.759216 0.660289 0.657023 0.653595 0.651098
 0.595089 0.599251 0.202663 0.663337 0.663337 0.663337 0.667083 0.665002 0.531419 0.168539 0.287973 0.248856 0.284644 1 1 1 1 1 0.960882 1 1 1 1 0 1 1 1 0.960882 1 0.960882 1 1 1 1 0.285774 0.990332 0.644659 0.644659 0.637093 0.667513 0.644133 0.650085 0.52679 0.276158 0.654545 0.27068 0.273397 0.203478 0.487805 0.618902 0.487805 0.641641 0.615822 0.615587 0.6417 0.48638 0.636604 0.757307 0.65202 0.156009 0.158348 0.155838 0.321576 0.321101 0.231864 0.314968 0.15452 0.327778 0.327466 0.328545 0.328082 0.328082 0.324838 0.322984 0.328545 0.32267 0.330552 0.328697 0.329777 0.230269 0.625812 0.654545 0.657183 0.657183 0.667444 0.657183 0.658582 0.802705 0.657183 0.664179 0.658582 0.657183 0.65625 0.657649 0.657183 0.759216 0.660289 0.657023 0.653595 0.651098
 0.595089 0.599251 0.202663 0.663337 0.663337 0.663337 0.667083 0.665002 0.531419 0.168539 0.287973 0.248856 0.284644 1 1 1 1 1 0.960882 1 1 1 1 1 0 1 1 0.960882 1 0.960882 1 1 1 1 0.285774 0.990332 0.644659 0.644659 0.637093 0.667513 0.644133 0.650085 0.52679 0.276158 0.654545 0.27068 0.273397 0.203478 0.487805 0.618902 0.487805 0.641641 0.615822 0.615587 0.6417 0.48638 0.636604 0.757307 0.65202 0.156009 0.158348 0.155838 0.321576 0.321101 0.231864 0.314968 0.15452 0.327778 0.327466 0.328545 0.328082 0.328082 0.324838 0.322984 0.328545 0.32267 0.330552 0.328697 0.329777 0.230269 0.625812 0.654545 0.657183 0.657183 0.667444 0.657183 0.658582 0.802705 0.657183 0.664179 0.658582 0.657183 0.65625 0.657649 0.657183 0.759216 0.660289 0.657023 0.653595 0.651098
 0.595089 0.599251 0.202663 0.663337 0.663337 0.663337 0.667083 0.665002 0.531419 0.168539 0.287973 0.248856 0.284644 1 1 1 1 1 0.960882 1 1 1 1 1 1 0 1 0.960882 1 0.960882 1 1 1 1 0.285774 0.990332 0.644659 0.644659 0.637093 0.667513 0.644133 0.650085 0.52679 0.276158 0.654545 0.27068 0.273397 0.203478 0.487805 0.618902 0.487805 0.641641 0.615822 0.615587 0.6417 0.48638 0.636604 0.757307 0.65202 0.156009 0.158348 0.155838 0.321576 0.321101 0.231864 0.314968 0.15452 0.327778 0.327466 0.328545 0.328082 0.328082 0.324838 0.322984 0.328545 0.32267 0.330552 0.328697 0.329777 0.230269 0.625812 0.654545 0.657183 0.657183 0.667444 0.657183 0.658582 0.802705 0.657183 0.664179 0.658582 0.657183 0.65625 0.657649 0.657183 0.759216 0.660289 0.657023 0.653595 0.651098
 0.595089 0.599251 0.202663 0.663337 0.663337 0.663337 0.667083 0.665002 0.531419 0.168539 0.287973 0.248856 0.284644 1 1 1 1 1 0.960882 1 1 1 1 1 1 1 0 0.960882 1 0.960882 1 1 1 1 0.285774 0.990332 0.644659 0.644659 0.637093 0.667513 0.644133 0.650085 0.52679 0.276158 0.654545 0.27068 0.273397 0.203478 0.487805 0.618902 0.487805 0.641641 0.615822 0.615587 0.6417 0.48638 0.636604 0.757307 0.65202 0.156009 0.158348 0.155838 0.321576 0.321101 0.231864 0.314968 0.15452 0.327778 0.327466 0.328545 0.328082 0.328082 0.324838 0.322984 0.328545 0.32267 0.330552 0.328697 0.329777 0.230269 0.625812 0.654545 0.657183 0.657183 0.667444 0.657183 0.658582 0.802705 0.657183 0.664179 0.658582 0.657183 0.65625 0.657649 0.657183 0.759216 0.660289 0.657023 0.653595 0.651098
 0.588847 0.594673 0.200999 0.660841 0.660841 0.660841 0.665418 0.662505 0.529754 0.168539 0.287557 0.249688 0.283396 0.960882 0.960882 0.960882 0.960882 0.960882 1 0.960882 0.960882 0.960882 0.960882 0.960882 0.960882 0.960882 0.960882 0 0.960882 1 0.960882 0.960882 0.960882 0.960882 0.288712 0.95124 0.635828 0.635828 0.632024 0.663706 0.639031 0.644558 0.52679 0.276587 0.65368 0.271113 0.273397 0.201304 0.487805 0.614111 0.48824 0.634221 0.611014 0.610771 0.634253 0.487258 0.630884 0.751993 0.648913 0.154649 0.156987 0.154021 0.319743 0.319725 0.230946 0.313131 0.160055 0.325463 0.324687 0.327155 0.324374 0.324374 0.322057 0.320204 0.325765 0.319889 0.326843 0.327306 0.326067 0.230734 0.619313 0.650816 0.654384 0.654384 0.663246 0.654384 0.655784 0.812966 0.654384 0.659981 0.655784 0.654384 0.652519 0.653918 0.654384 0.754083 0.658889 0.655623 0.648459 0.649229
 0.595089 0.599251 0.202663 0.663337 0.663337 0.663337 0.667083 0.665002 0.531419 0.168539 0.287973 0.248856 0.284644 1 1 1 1 1 0.960882 1 1 1 1 1 1 1 1 0.960882 0 0.960882 1 1 1 1 0.285774 0.990332 0.644659 0.644659 0.637093 0.667513 0.644133 0.650085 0.52679 0.276158 0.654545 0.27068 0.273397 0.203478 0.487805 0.618902 0.487805 0.641641 0.615822 0.615587 0.6417 0.48638 0.636604 0.757307 0.65202 0.156009 0.158348 0.155838 0.321576 0.321101 0.231864 0.314968 0.15452 0.327778 0.327466 0.328545 0.328082 0.328082 0.324838 0.322984 0.328545 0.32267 0.330552 0.328697 0.329777 0.230269 0.625812 0.654545 0.657183 0.657183 0.667444 0.657183 0.658582 0.802705 0.657183 0.664179 0.658582 0.657183 0.65625 0.657649 0.657183 0.759216 0.660289 0.657023 0.653595 0.651098
 0.588847 0.594673 0.200999 0.660841 0.660841 0.660841 0.665418 0.662505 0.529754 0.168539 0.287557 0.249688 0.283396 0.960882 0.960882 0.960882 0.960882 0.960882 1 0.960882 0.960882 0.960882 0.960882 0.960882 0.960882 0.960882 0.960882 1 0.960882 0 0.960882 0.960882 0.960882 0.960882 0.288712 0.95124 0.635828 0.635828 0.632024 0.663706 0.639031 0.644558 0.52679 0.276587 0.65368 0.271113 0.273397 0.201304 0.487805 0.614111 0.48824 0.634221 0.611014 0.610771 0.634253 0.487258 0.630884 0.751993 0.648913 0.154649 0.156987 0.154021 0.319743 0.319725 0.230946 0.313131 0.160055 0.325463 0.324687 0.327155 0.324374 0.324374 0.322057 0.320204 0.325765 0.319889 0.326843 0.327306 0.326067 0.230734 0.619313 0.650816 0.654384 0.654384 0.663246 0.654384 0.655784 0.812966 0.654384 0.659981 0.655784 0.654384 0.652519 0.653918 0.654384 0.754083 0.658889 0.655623 0.648459 0.649229
 0.595089 0.599251 0.202663 0.663337 0.663337 0.663337 0.667083 0.665002 0.531419 0.168539 0.287973 0.248856 0.284644 1 1 1 1 1 0.960882 1 1 1 1 1 1 1 1 0.960882 1 0.960882 0 1 1 1 0.285774 0.990332 0.644659 0.644659 0.637093 0.667513 0.644133 0.650085 0.52679 0.276158 0.654545 0.27068 0.273397 0.203478 0.487805 0.618902 0.487805 0.641641 0.615822 0.615587 0.6417 0.48638 0.636604 0.757307 0.65202 0.156009 0.158348 0.155838 0.321576 0.321101 0.231864 0.314968 0.15452 0.327778 0.327466 0.328545 0.328082 0.328082 0.324838 0.322984 0.328545 0.32267 0.330552 0.328697 0.329777 0.230269 0.625812 0.654545 0.657183 0.657183 0.667444 0.657183 0.658582 0.802705 0.657183 0.664179 0.658582 0.657183 0.65625 0.657649 0.657183 0.759216 0.660289 0.657023 0.653595 0.651098
 0.595089 0.599251 0.202663 0.663337 0.663337 0.663337 0.667083 0.665002 0.531419 0.168539 0.287973 0.248856 0.284644 1 1 1 1 1 0.960882 1 1 1 1 1 1 1 1 0.960882 1 0.960882 1 0 1 1 0.285774 0.990332 0.644659 0.644659 0.637093 0.667513 0.644133 0.650085 0.52679 0.276158 0.654545 0.27068 0.273397 0.203478 0.487805 0.618902 0.487805 0.641641 0.615822 0.615587 0.6417 0.48638 0.636604 0.757307 0.65202 0.156009 0.158348 0.155838 0.321576 0.321101 0.231864 0.314968 0.15452 0.327778 0.327466 0.328545 0.328082 0.328082 0.324838 0.322984 0.328545 0.32267 0.330552 0.328697 0.329777 0.230269 0.625812 0.654545 0.657183 0.657183 0.667444 0.657183 0.658582 0.802705 0.657183 0.664179 0.658582 0.657183 0.65625 0.657649 0.657183 0.759216 0.660289 0.657023 0.653595 0.651098
 0.595089 0.599251 0.202663 0.663337 0.663337 0.663337 0.667083 0.665002 0.531419 0.168539 0.287973 0.248856 0.284644 1 1 1 1 1 0.960882 1 1 1 1 1 1 1 1 0.960882 1 0.960882 1 1 0 1 0.285774 0.990332 0.644659 0.644659 0.637093 0.667513 0.644133 0.650085 0.52679 0.276158 0.654545 0.27068 0.273397 0.203478 0.487805 0.618902 0.487805 0.641641 0.615822 0.615587 0.6417 0.48638 0.636604 0.757307 0.65202 0.156009 0.158348 0.155838 0.321576 0.321101 0.231864 0.314968 0.15452 0.327778 0.327466 0.328545 0.328082 0.328082 0.324838 0.322984 0.328545 0.32267 0.330552 0.328697 0.329777 0.230269 0.625812 0.654545 0.657183 0.657183 0.667444 0.657183 0.658582 0.802705 0.657183 0.664179 0.658582 0.657183 0.65625 0.657649 0.657183 0.759216 0.660289 0.657023 0.653595 0.651098
 0.595089 0.599251 0.202663 0.663337 0.663337 0.663337 0.667083 0.665002 0.531419 0.168539 0.287973 0.248856 0.284644 1 1 1 1 1 0.960882 1 1 1 1 1 1 1 1 0.960882 1 0.960882 1 1 1 0 0.285774 0.990332 0.644659 0.644659 0.637093 0.667513 0.644133 0.650085 0.52679 0.276158 0.654545 0.27068 0.273397 0.203478 0.487805 0.618902 0.487805 0.641641 0.615822 0.615587 0.6417 0.48638 0.636604 0.757307 0.65202 0.156009 0.158348 0.155838 0.321576 0.321101 0.231864 0.314968 0.15452 0.327778 0.327466 0.328545 0.328082 0.328082 0.324838 0.322984 0.328545 0.32267 0.330552 0.328697 0.329777 0.230269 0.625812 0.654545 0.657183 0.657183 0.667444 0.657183 0.658582 0.802705 0.657183 0.664179 0.658582 0.657183 0.65625 0.657649 0.657183 0.759216 0.660289 0.657023 0.653595 0.651098
 0.247167 0.245489 0.224087 0.298363 0.298363 0.298363 0.295846 0.295426 0.291649 0.155266 0.412086 0.29123 0.276123 0.285774 0.285774 0.285774 0.285774 0.285774 0.288712 0.285774 0.285774 0.285774 0.285774 0.285774 0.285774 0.285774 0.285774 0.288712 0.285774 0.288712 0.285774 0.285774 0.285774 0.285774 0 0.282472 0.312027 0.312027 0.305027 0.314721 0.300595 0.30017 0.300471 0.483276 0.288745 0.425725 0.409879 0.197391 0.280052 0.296603 0.280488 0.286338 0.289773 0.289842 0.286465 0.285149 0.289045 0.303809 0.287173 0.195465 0.197822 0.19264 0.341273 0.341284 0.258953 0.269513 0.190037 0.349074 0.351552 0.348934 0.348471 0.348471 0.349861 0.350324 0.350788 0.350023 0.352805 0.351878 0.350649 0.274373 0.307335 0.296503 0.297575 0.297575 0.297108 0.297575 0.297575 0.295243 0.297575 0.298974 0.297575 0.297575 0.295243 0.297108 0.297575 0.300513 0.301913 0.301913 0.296452 0.308734
 0.599832 0.604456 0.201765 0.662884 0.662884 0.662884 0.665826 0.663304 0.533417 0.163094 0.286255 0.249685 0.284153 0.990332 0.990332 0.990332 0.990332 0.990332 0.95124 0.990332 0.990332 0.990332 0.990332 0.990332 0.990332 0.990332 0.990332 0.95124 0.990332 0.95124 0.990332 0.990332 0.990332 0.990332 0.282472 0 0.644659 0.644659 0.637093 0.667513 0.644133 0.650085 0.52679 0.276158 0.652381 0.269814 0.273397 0.203478 0.487805 0.618902 0.487805 0.639459 0.612762 0.61296 0.639947 0.48638 0.636604 0.757307 0.65202 0.156009 0.158348 0.155838 0.319285 0.321101 0.230946 0.311754 0.152675 0.325926 0.325151 0.326228 0.325765 0.325765 0.322521 0.320667 0.326228 0.320352 0.328234 0.326379 0.327458 0.227948 0.625348 0.654545 0.657183 0.657183 0.667444 0.657183 0.658582 0.802705 0.657183 0.664179 0.658582 0.657183 0.65625 0.657649 0.657183 0.756883 0.660289 0.657023 0.653595 0.651098
 0.488225 0.487384 0.227502 0.690076 0.690076 0.690076 0.688814 0.686712 0.493692 0.175778 0.309504 0.262405 0.315812 0.644659 0.644659 0.644659 0.644659 0.644659 0.635828 0.644659 0.644659 0.644659 0.644659 0.644659 0.644659 0.644659 0.644659 0.635828 0.644659 0.635828 0.644659 0.644659 0.644659 0.644659 0.312027 0.644659 0 1 0.680186 0.848985 0.656463 0.661565 0.528933 0.301029 0.735498 0.300996 0.309792 0.226522 0.503049 0.660714 0.503484 0.650371 0.656906 0.658056 0.651336 0.508787 0.647602 0.68822 0.736795 0.159184 0.161978 0.157656 0.352268 0.350917 0.246097 0.338384 0.166974 0.359259 0.358036 0.358202 0.355885 0.355885 0.355422 0.352641 0.358202 0.352805 0.359295 0.359295 0.357143 0.25441 0.900186 0.757576 0.753265 0.753265 0.763526 0.753265 0.753731 0.704291 0.753265 0.760261 0.753731 0.753265 0.757463 0.756063 0.753265 0.689687 0.762016 0.767615 0.758637 0.835124
 0.488225 0.487384 0.227502 0.690076 0.690076 0.690076 0.688814 0.686712 0.493692 0.175778 0.309504 0.262405 0.315812 0.644659 0.644659 0.644659 0.644659 0.644659 0.635828 0.644659 0.644659 0.644659 0.644659 0.644659 0.644659 0.644659 0.644659 0.635828 0.644659 0.635828 0.644659 0.644659 0.644659 0.644659 0.312027 0.644659 1 0 0.680186 0.848985 0.656463 0.661565 0.528933 0.301029 0.735498 0.300996 0.309792 0.226522 0.503049 0.660714 0.503484 0.650371 0.656906 0.658056 0.651336 0.508787 0.647602 0.68822 0.736795 0.159184 0.161978 0.157656 0.352268 0.350917 0.246097 0.338384 0.166974 0.359259 0.358036 0.358202 0.355885 0.355885 0.355422 0.352641 0.358202 0.352805 0.359295 0.359295 0.357143 0.25441 0.900186 0.757576 0.753265 0.753265 0.763526 0.753265 0.753731 0.704291 0.753265 0.760261 0.753731 0.753265 0.757463 0.756063 0.753265 0.689687 0.762016 0.767615 0.758637 0.835124
 0.536967 0.533164 0.217997 0.654415 0.654415 0.654415 0.65864 0.656105 0.47444 0.164766 0.306295 0.263625 0.306717 0.637093 0.637093 0.637093 0.637093 0.637093 0.632024 0.637093 0.637093 0.637093 0.637093 0.637093 0.637093 0.637093 0.637093 0.632024 0.637093 0.632024 0.637093 0.637093 0.637093 0.637093 0.305027 0.637093 0.680186 0.680186 0 0.703892 0.876276 0.879677 0.508358 0.294168 0.707359 0.296665 0.303726 0.223913 0.600174 0.945557 0.60061 0.877346 0.968094 0.967601 0.876916 0.61819 0.875055 0.700177 0.703063 0.161451 0.163339 0.162199 0.34448 0.346789 0.235996 0.335629 0.148063 0.352778 0.352478 0.352641 0.349861 0.349861 0.348471 0.351251 0.351715 0.346778 0.352341 0.353732 0.351577 0.246054 0.693593 0.722145 0.722481 0.722481 0.725746 0.722481 0.724813 0.692631 0.722481 0.722481 0.724813 0.722481 0.722481 0.724347 0.722481 0.716752 0.721419 0.720952 0.72409 0.716488
 0.510575 0.507614 0.224619 0.726734 0.726734 0.726734 0.724196 0.721658 0.494501 0.17132 0.315144 0.264805 0.307953 0.667513 0.667513 0.667513 0.667513 0.667513 0.663706 0.667513 0.667513 0.667513 0.667513 0.667513 0.667513 0.667513 0.667513 0.663706 0.667513 0.663706 0.667513 0.667513 0.667513 0.667513 0.314721 0.667513 0.848985 0.848985 0.703892 0 0.68665 0.691327 0.534505 0.304889 0.772294 0.307059 0.313258 0.220435 0.503484 0.684669 0.503484 0.682671 0.676573 0.675569 0.681559 0.512302 0.678399 0.715678 0.770528 0.164626 0.167877 0.165379 0.352726 0.350917 0.243343 0.338843 0.167435 0.362037 0.359889 0.361909 0.358202 0.358202 0.357739 0.354958 0.360519 0.355123 0.362077 0.362541 0.359926 0.252089 0.837047 0.795338 0.79291 0.79291 0.808769 0.79291 0.795709 0.732743 0.79291 0.805504 0.795709 0.79291 0.79431 0.795709 0.79291 0.720952 0.80308 0.802613 0.793651 0.900047
 0.539966 0.541241 0.214711 0.650085 0.650085 0.650085 0.649235 0.646684 0.473639 0.164541 0.304847 0.255102 0.302296 0.644133 0.644133 0.644133 0.644133 0.644133 0.639031 0.644133 0.644133 0.644133 0.644133 0.644133 0.644133 0.644133 0.644133 0.639031 0.644133 0.639031 0.644133 0.644133 0.644133 0.644133 0.300595 0.644133 0.656463 0.656463 0.876276 0.68665 0 0.991071 0.507072 0.296741 0.680952 0.291035 0.305893 0.211739 0.597561 0.870209 0.597997 0.971628 0.881556 0.881349 0.971529 0.612039 0.990761 0.704606 0.683533 0.165533 0.167877 0.165379 0.350893 0.351376 0.238751 0.34068 0.151753 0.360185 0.359426 0.358665 0.356812 0.356812 0.354958 0.357275 0.358202 0.352805 0.358368 0.359759 0.357607 0.241876 0.669916 0.702564 0.702892 0.702892 0.709422 0.702892 0.703358 0.684701 0.702892 0.71222 0.703358 0.702892 0.702892 0.704757 0.702892 0.720952 0.708353 0.707886 0.704482 0.70341
 0.545493 0.546769 0.214711 0.656037 0.656037 0.656037 0.655187 0.652636 0.477041 0.166241 0.304847 0.256378 0.301446 0.650085 0.650085 0.650085 0.650085 0.650085 0.644558 0.650085 0.650085 0.650085 0.650085 0.650085 0.650085 0.650085 0.650085 0.644558 0.650085 0.644558 0.650085 0.650085 0.650085 0.650085 0.30017 0.650085 0.661565 0.661565 0.879677 0.691327 0.991071 0 0.510502 0.295455 0.687013 0.293634 0.305893 0.212174 0.601045 0.873258 0.601481 0.974684 0.884615 0.884413 0.974595 0.615554 0.993841 0.710806 0.689747 0.165533 0.167877 0.164925 0.350435 0.350917 0.240588 0.34068 0.149908 0.362963 0.362205 0.361446 0.359592 0.359592 0.357739 0.360056 0.360982 0.35605 0.36115 0.362541 0.36039 0.240483 0.675487 0.709091 0.709422 0.709422 0.715951 0.709422 0.709888 0.690765 0.709422 0.71875 0.709888 0.709422 0.709422 0.711287 0.709422 0.727018 0.714419 0.713952 0.710551 0.708547
 0.40763 0.406772 0.210887 0.483926 0.483926 0.483926 0.482212 0.47964 0.902272 0.171453 0.310759 0.23832 0.28204 0.52679 0.52679 0.52679 0.52679 0.52679 0.52679 0.52679 0.52679 0.52679 0.52679 0.52679 0.52679 0.52679 0.52679 0.52679 0.52679 0.52679 0.52679 0.52679 0.52679 0.52679 0.300471 0.52679 0.528933 0.528933 0.508358 0.534505 0.507072 0.510502 0 0.301887 0.505628 0.297098 0.306759 0.205652 0.574913 0.511324 0.573171 0.499782 0.500437 0.499124 0.497591 0.597979 0.49626 0.520815 0.497115 0.16644 0.167877 0.164471 0.352268 0.357339 0.236915 0.34573 0.163745 0.361574 0.363594 0.360982 0.360982 0.360982 0.359129 0.362836 0.362373 0.360223 0.363468 0.362077 0.362245 0.244661 0.523213 0.509557 0.509795 0.509795 0.518657 0.509795 0.510261 0.521455 0.509795 0.520989 0.510261 0.509795 0.506996 0.508862 0.509795 0.516099 0.517499 0.518432 0.50887 0.526857
 0.237564 0.238851 0.204117 0.292024 0.292024 0.292024 0.287736 0.287307 0.289022 0.150086 0.426244 0.276587 0.280446 0.276158 0.276158 0.276158 0.276158 0.276158 0.276587 0.276158 0.276158 0.276158 0.276158 0.276158 0.276158 0.276158 0.276158 0.276587 0.276158 0.276587 0.276158 0.276158 0.276158 0.276158 0.483276 0.276158 0.301029 0.301029 0.294168 0.304889 0.296741 0.295455 0.301887 0 0.292208 0.462538 0.408146 0.192609 0.276568 0.287892 0.277003 0.287211 0.286276 0.28634 0.287779 0.28471 0.285966 0.29938 0.288948 0.181859 0.181942 0.181281 0.314246 0.312844 0.277778 0.2764 0.168819 0.318519 0.320519 0.319741 0.321594 0.321594 0.318814 0.319277 0.319741 0.318962 0.321743 0.321743 0.320965 0.272981 0.299907 0.29697 0.296642 0.296642 0.297575 0.296642 0.296642 0.29291 0.296642 0.298507 0.296642 0.296642 0.296642 0.296642 0.296642 0.300513 0.301447 0.301913 0.296919 0.29986
 0.520779 0.517316 0.217749 0.87619 0.87619 0.87619 0.889177 0.886147 0.459307 0.165368 0.293074 0.244589 0.291342 0.654545 0.654545 0.654545 0.654545 0.654545 0.65368 0.654545 0.654545 0.654545 0.654545 0.654545 0.654545 0.654545 0.654545 0.65368 0.654545 0.65368 0.654545 0.654545 0.654545 0.654545 0.288745 0.652381 0.735498 0.735498 0.707359 0.772294 0.680952 0.687013 0.505628 0.292208 0 0.279342 0.295061 0.207391 0.492596 0.693815 0.493031 0.691401 0.686189 0.685639 0.69032 0.505272 0.685438 0.714349 0.983134 0.147392 0.149728 0.149478 0.332112 0.334404 0.233242 0.322773 0.159133 0.340741 0.339972 0.341057 0.338276 0.338276 0.337813 0.335959 0.339666 0.337969 0.341215 0.341678 0.339518 0.253946 0.729805 0.900233 0.900187 0.900187 0.890392 0.900187 0.900187 0.72528 0.900187 0.887127 0.900187 0.900187 0.900187 0.900187 0.900187 0.722818 0.887074 0.883808 0.900093 0.7688
 0.237765 0.237765 0.206583 0.284539 0.284539 0.284539 0.281507 0.281507 0.286704 0.173235 0.385881 0.245561 0.268081 0.27068 0.27068 0.27068 0.27068 0.27068 0.271113 0.27068 0.27068 0.27068 0.27068 0.27068 0.27068 0.27068 0.27068 0.271113 0.27068 0.271113 0.27068 0.27068 0.27068 0.27068 0.425725 0.269814 0.300996 0.300996 0.296665 0.307059 0.291035 0.293634 0.297098 0.462538 0.279342 0 0.382149 0.17913 0.269164 0.287456 0.269599 0.285028 0.291521 0.291594 0.285589 0.279877 0.285526 0.298051 0.275632 0.181859 0.185118 0.187188 0.314705 0.311009 0.258035 0.286042 0.189114 0.323148 0.325151 0.322521 0.326228 0.326228 0.322984 0.328082 0.326691 0.322207 0.327306 0.32128 0.326994 0.266017 0.297122 0.285781 0.286847 0.286847 0.287313 0.286847 0.28778 0.293377 0.286847 0.287313 0.28778 0.286847 0.285448 0.286381 0.286847 0.29958 0.290714 0.290714 0.285247 0.299393
 0.235702 0.234402 0.215338 0.298527 0.298527 0.298527 0.297227 0.29636 0.301127 0.164211 0.689341 0.263432 0.285095 0.273397 0.273397 0.273397 0.273397 0.273397 0.273397 0.273397 0.273397 0.273397 0.273397 0.273397 0.273397 0.273397 0.273397 0.273397 0.273397 0.273397 0.273397 0.273397 0.273397 0.273397 0.409879 0.273397 0.309792 0.309792 0.303726 0.313258 0.305893 0.305893 0.306759 0.408146 0.295061 0.382149 0 0.22 0.291812 0.303571 0.292247 0.300306 0.300262 0.30035 0.300482 0.301845 0.297844 0.293623 0.293387 0.17551 0.17559 0.177192 0.346312 0.345872 0.257576 0.283747 0.181734 0.352315 0.351088 0.350324 0.351715 0.351715 0.348471 0.353568 0.352178 0.351414 0.351878 0.350023 0.352968 0.265552 0.305942 0.296037 0.298041 0.298041 0.295243 0.298041 0.298974 0.291511 0.298041 0.296175 0.298974 0.298041 0.295709 0.297108 0.298041 0.296314 0.293514 0.293047 0.295985 0.310135
