 0 0.956059 0.0972175 0.474394 0.474394 0.474394 0.476319 0.473421 0.323224 0.0599598 0.145161 0.134743 0.172414 0.549542 0.549542 0.549542 0.549542 0.549542 0.542881 0.549542 0.549542 0.549542 0.549542 0.549542 0.549542 0.549542 0.549542 0.542881 0.549542 0.542881 0.549542 0.549542 0.549542 0.549542 0.150714 0.555088 0.434581 0.434581 0.494083 0.461278 0.497235 0.50319 0.340051 0.143286 0.476397 0.143414 0.150412 0.137451 0.31939 0.468845 0.31939 0.489083 0.469174 0.46912 0.488606 0.323077 0.483715 0.657067 0.480018 0.0694192 0.0717204 0.0686364 0.205316 0.20927 0.118052 0.203491 0.0567605 0.21723 0.218258 0.217432 0.216968 0.216968 0.214186 0.217895 0.218359 0.215213 0.217996 0.216605 0.218097 0.137947 0.475151 0.538246 0.54503 0.54503 0.559963 0.54503 0.542231 0.611293 0.54503 0.557163 0.542231 0.54503 0.541297 0.542697 0.54503 0.706816 0.552288 0.551821 0.539 0.508879
 0.956059 0 0.0958434 0.474779 0.474779 0.474779 0.474779 0.47188 0.323224 0.0619718 0.144355 0.133914 0.170337 0.555787 0.555787 0.555787 0.555787 0.555787 0.549958 0.555787 0.555787 0.555787 0.555787 0.555787 0.555787 0.555787 0.555787 0.549958 0.555787 0.549958 0.555787 0.555787 0.555787 0.555787 0.148195 0.561396 0.432899 0.432899 0.490279 0.461278 0.498086 0.504041 0.34048 0.143286 0.474664 0.144714 0.149978 0.137016 0.318954 0.465359 0.318954 0.489956 0.464801 0.464739 0.489483 0.322637 0.484595 0.630483 0.479574 0.0716878 0.07399 0.0704545 0.206691 0.210647 0.118052 0.200735 0.0586064 0.21723 0.218721 0.217432 0.217432 0.217432 0.215114 0.218359 0.218822 0.215677 0.21846 0.216605 0.218561 0.136554 0.473758 0.53778 0.542231 0.542231 0.559029 0.542231 0.539431 0.613159 0.542231 0.55623 0.539431 0.542231 0.540831 0.542231 0.542231 0.676937 0.551354 0.548553 0.538533 0.509346
 0.0972175 0.0958434 0 0.119369 0.119369 0.119369 0.120524 0.120185 0.122506 0.0486922 0.125 0.10738 0.410469 0.126561 0.126561 0.126561 0.126561 0.126561 0.125729 0.126561 0.126561 0.126561 0.126561 0.126561 0.126561 0.126561 0.126561 0.125729 0.126561 0.125729 0.126561 0.126561 0.126561 0.126561 0.140218 0.126577 0.147244 0.147244 0.143702 0.150233 0.143343 0.142918 0.133791 0.13299 0.140754 0.12825 0.135241 0.204872 0.151634 0.148148 0.151634 0.145415 0.147792 0.148051 0.145925 0.152967 0.145687 0.145326 0.142984 0.0666969 0.0671811 0.0686364 0.146654 0.150069 0.193845 0.199816 0.0692201 0.151459 0.152919 0.153454 0.15299 0.15299 0.15299 0.153454 0.15299 0.150742 0.153061 0.152597 0.153132 0.19229 0.154203 0.14459 0.14419 0.14419 0.143724 0.14419 0.143724 0.140457 0.14419 0.143724 0.143724 0.14419 0.14419 0.14419 0.14419 0.147993 0.143791 0.144258 0.144792 0.157477
 0.474394 0.474779 0.119369 0 1 1 0.981132 0.978043 0.438947 0.0672032 0.204032 0.172056 0.196095 0.624896 0.624896 0.624896 0.624896 0.624896 0.620733 0.624896 0.624896 0.624896 0.624896 0.624896 0.624896 0.624896 0.624896 0.620733 0.624896 0.620733 0.624896 0.624896 0.624896 0.624896 0.205709 0.624474 0.657972 0.657972 0.614117 0.696995 0.609103 0.615483 0.430532 0.199485 0.871373 0.194107 0.204161 0.145716 0.399564 0.593464 0.399564 0.600437 0.585483 0.584319 0.599036 0.403516 0.598592 0.668587 0.885879 0.0852995 0.0880617 0.0840909 0.275435 0.273979 0.152503 0.258153 0.0669128 0.284391 0.284059 0.285118 0.282337 0.282337 0.280946 0.280019 0.284191 0.280612 0.284323 0.284787 0.283991 0.164422 0.725035 0.973881 0.977135 0.977135 0.925805 0.977135 0.973402 0.708819 0.977135 0.922072 0.973402 0.977135 0.977135 0.980868 0.977135 0.716153 0.92577 0.922035 0.970574 0.768224
 0.474394 0.474779 0.119369 1 0 1 0.981132 0.978043 0.438947 0.0672032 0.204032 0.172056 0.196095 0.624896 0.624896 0.624896 0.624896 0.624896 0.620733 0.624896 0.624896 0.624896 0.624896 0.624896 0.624896 0.624896 0.624896 0.620733 0.624896 0.620733 0.624896 0.624896 0.624896 0.624896 0.205709 0.624474 0.657972 0.657972 0.614117 0.696995 0.609103 0.615483 0.430532 0.199485 0.871373 0.194107 0.204161 0.145716 0.399564 0.593464 0.399564 0.600437 0.585483 0.584319 0.599036 0.403516 0.598592 0.668587 0.885879 0.0852995 0.0880617 0.0840909 0.275435 0.273979 0.152503 0.258153 0.0669128 0.284391 0.284059 0.285118 0.282337 0.282337 0.280946 0.280019 0.284191 0.280612 0.284323 0.284787 0.283991 0.164422 0.725035 0.973881 0.977135 0.977135 0.925805 0.977135 0.973402 0.708819 0.977135 0.922072 0.973402 0.977135 0.977135 0.980868 0.977135 0.716153 0.92577 0.922035 0.970574 0.768224
 0.474394 0.474779 0.119369 1 1 0 0.981132 0.978043 0.438947 0.0672032 0.204032 0.172056 0.196095 0.624896 0.624896 0.624896 0.624896 0.624896 0.620733 0.624896 0.624896 0.624896 0.624896 0.624896 0.624896 0.624896 0.624896 0.620733 0.624896 0.620733 0.624896 0.624896 0.624896 0.624896 0.205709 0.624474 0.657972 0.657972 0.614117 0.696995 0.609103 0.615483 0.430532 0.199485 0.871373 0.194107 0.204161 0.145716 0.399564 0.593464 0.399564 0.600437 0.585483 0.584319 0.599036 0.403516 0.598592 0.668587 0.885879 0.0852995 0.0880617 0.0840909 0.275435 0.273979 0.152503 0.258153 0.0669128 0.284391 0.284059 0.285118 0.282337 0.282337 0.280946 0.280019 0.284191 0.280612 0.284323 0.284787 0.283991 0.164422 0.725035 0.973881 0.977135 0.977135 0.925805 0.977135 0.973402 0.708819 0.977135 0.922072 0.973402 0.977135 0.977135 0.980868 0.977135 0.716153 0.92577 0.922035 0.970574 0.768224
 0.476319 0.474779 0.120524 0.981132 0.981132 0.981132 0 0.996918 0.437749 0.0672032 0.19879 0.171642 0.199003 0.626978 0.626978 0.626978 0.626978 0.626978 0.624063 0.626978 0.626978 0.626978 0.626978 0.626978 0.626978 0.626978 0.626978 0.624063 0.626978 0.624063 0.626978 0.626978 0.626978 0.626978 0.202771 0.625315 0.655027 0.655027 0.619611 0.692763 0.608677 0.615057 0.428388 0.196053 0.885665 0.191508 0.202427 0.146585 0.4061 0.595207 0.4061 0.6 0.584609 0.583443 0.598598 0.411429 0.598151 0.6677 0.900533 0.0848457 0.0876078 0.0836364 0.273144 0.275356 0.152044 0.258153 0.0673743 0.283465 0.282669 0.284191 0.281409 0.281409 0.280019 0.278628 0.283264 0.279685 0.283395 0.283859 0.282599 0.165351 0.721784 0.989272 1 1 0.906673 1 0.996267 0.716752 1 0.90294 0.996267 1 0.992534 0.996267 1 0.715219 0.902894 0.89916 0.985988 0.764953
 0.473421 0.47188 0.120185 0.978043 0.978043 0.978043 0.996918 0 0.435355 0.0672032 0.197984 0.171227 0.198172 0.624063 0.624063 0.624063 0.624063 0.624063 0.620733 0.624063 0.624063 0.624063 0.624063 0.624063 0.624063 0.624063 0.624063 0.620733 0.624063 0.620733 0.624063 0.624063 0.624063 0.624063 0.202351 0.622372 0.652503 0.652503 0.616653 0.689801 0.6057 0.61208 0.425386 0.195624 0.8822 0.191075 0.20156 0.145281 0.40305 0.592157 0.40305 0.596943 0.581548 0.580377 0.59553 0.408352 0.59507 0.664599 0.89698 0.0839383 0.0867 0.0827273 0.272686 0.274897 0.151125 0.254938 0.0669128 0.283001 0.282206 0.284191 0.281409 0.281409 0.280019 0.278164 0.283264 0.279221 0.282931 0.283395 0.282599 0.165351 0.718532 0.985541 0.996267 0.996267 0.903406 0.996267 0.992534 0.713019 0.996267 0.899673 0.992534 0.996267 0.988801 0.992534 0.996267 0.712418 0.900093 0.896359 0.982718 0.76215
 0.323224 0.323224 0.122506 0.438947 0.438947 0.438947 0.437749 0.435355 0 0.0672032 0.195565 0.154229 0.18737 0.480849 0.480849 0.480849 0.480849 0.480849 0.477935 0.480849 0.480849 0.480849 0.480849 0.480849 0.480849 0.480849 0.480849 0.477935 0.480849 0.477935 0.480849 0.480849 0.480849 0.480849 0.193115 0.482759 0.437526 0.437526 0.414624 0.438849 0.415142 0.418971 0.900515 0.194766 0.404504 0.192808 0.204161 0.145716 0.494553 0.410458 0.491503 0.39738 0.396152 0.394656 0.395267 0.501099 0.398327 0.446167 0.405417 0.0875681 0.0871539 0.0863636 0.280477 0.284075 0.144695 0.269178 0.0692201 0.288096 0.287303 0.2879 0.286973 0.286973 0.284655 0.285118 0.2879 0.285714 0.288961 0.288033 0.288167 0.15699 0.47608 0.46222 0.462902 0.462902 0.469435 0.462902 0.462902 0.475035 0.462902 0.472235 0.462902 0.462902 0.460569 0.462436 0.462902 0.468254 0.46732 0.468254 0.462401 0.478037
 0.0599598 0.0619718 0.0486922 0.0672032 0.0672032 0.0672032 0.0672032 0.0672032 0.0672032 0 0.0616935 0.0605307 0.0610719 0.0670275 0.0670275 0.0670275 0.0670275 0.0670275 0.0670275 0.0670275 0.0670275 0.0670275 0.0670275 0.0670275 0.0670275 0.0670275 0.0670275 0.0670275 0.0670275 0.0670275 0.0670275 0.0670275 0.0670275 0.0670275 0.0562552 0.0630782 0.0727808 0.0727808 0.0701606 0.0710961 0.0697575 0.0706083 0.0690395 0.0514801 0.0632308 0.0662912 0.0663199 0.0352327 0.0605664 0.0649237 0.0605664 0.0668122 0.0655881 0.065703 0.0670465 0.0606593 0.0660211 0.0700044 0.0617229 0.112976 0.110304 0.112727 0.071494 0.0692978 0.0638493 0.0597152 0.139825 0.0685503 0.0662651 0.0690774 0.0662958 0.0662958 0.0662958 0.0667594 0.0662958 0.0663265 0.0663265 0.0686456 0.0663573 0.0608453 0.0705992 0.0685634 0.0681288 0.0681288 0.0676622 0.0681288 0.0681288 0.0685954 0.0681288 0.0667289 0.0681288 0.0681288 0.0685954 0.0685954 0.0681288 0.0681606 0.0686275 0.0686275 0.0691266 0.067757
 0.145161 0.144355 0.125 0.204032 0.204032 0.204032 0.19879 0.197984 0.195565 0.0616935 0 0.166252 0.189447 0.192756 0.192756 0.192756 0.192756 0.192756 0.192756 0.192756 0.192756 0.192756 0.192756 0.192756 0.192756 0.192756 0.192756 0.192756 0.192756 0.192756 0.192756 0.192756 0.192756 0.192756 0.337951 0.191337 0.219184 0.219184 0.21809 0.224291 0.216078 0.216078 0.215266 0.350493 0.19922 0.308492 0.655397 0.150065 0.1939 0.207407 0.1939 0.20524 0.208133 0.208498 0.20596 0.202198 0.204665 0.211786 0.198046 0.0898367 0.0898774 0.0881818 0.277727 0.276274 0.170418 0.220946 0.0724504 0.282075 0.281742 0.280946 0.283264 0.283264 0.279555 0.282337 0.283264 0.283395 0.283395 0.281076 0.283527 0.185787 0.221087 0.211287 0.210453 0.210453 0.212786 0.210453 0.210453 0.209986 0.210453 0.212786 0.210453 0.210453 0.209519 0.210453 0.210453 0.218021 0.21662 0.217087 0.211116 0.226168
 0.134743 0.133914 0.10738 0.172056 0.172056 0.172056 0.171642 0.171227 0.154229 0.0605307 0.166252 0 0.15995 0.153622 0.153622 0.153622 0.153622 0.153622 0.153622 0.153622 0.153622 0.153622 0.153622 0.153622 0.153622 0.153622 0.153622 0.153622 0.153622 0.153622 0.153622 0.153622 0.153622 0.153622 0.1822 0.155172 0.167438 0.167438 0.169907 0.165891 0.163335 0.16376 0.15223 0.173745 0.149415 0.15078 0.169918 0.16007 0.138126 0.153813 0.138126 0.148908 0.149978 0.150241 0.14943 0.13978 0.150528 0.166593 0.151421 0.0866606 0.0876078 0.0863636 0.186526 0.18816 0.140101 0.13367 0.0872174 0.192219 0.189064 0.19286 0.188688 0.188688 0.190079 0.190079 0.189615 0.190167 0.189703 0.19295 0.189327 0.145379 0.177427 0.173507 0.174522 0.174522 0.176388 0.174522 0.174522 0.167522 0.174522 0.172655 0.174522 0.174522 0.172189 0.174522 0.174522 0.172269 0.176004 0.176937 0.173751 0.177103
 0.172414 0.170337 0.410469 0.196095 0.196095 0.196095 0.199003 0.198172 0.18737 0.0610719 0.189447 0.15995 0 0.198168 0.198168 0.198168 0.198168 0.198168 0.197752 0.198168 0.198168 0.198168 0.198168 0.198168 0.198168 0.198168 0.198168 0.197752 0.198168 0.197752 0.198168 0.198168 0.198168 0.198168 0.178002 0.198066 0.222129 0.222129 0.214708 0.21879 0.214802 0.213952 0.194254 0.192621 0.203118 0.185009 0.195059 0.221836 0.2061 0.215251 0.206536 0.211354 0.214254 0.21463 0.211656 0.209231 0.212588 0.210456 0.204707 0.0834846 0.0839764 0.0840909 0.203483 0.206517 0.238861 0.225999 0.0876788 0.211209 0.212234 0.212332 0.211868 0.211868 0.210941 0.213723 0.212332 0.209184 0.21243 0.211967 0.212529 0.203902 0.223409 0.208489 0.209053 0.209053 0.207186 0.209053 0.209053 0.209986 0.209053 0.207186 0.209053 0.209053 0.208119 0.208119 0.209053 0.20915 0.206816 0.205882 0.208314 0.219159
 0.549542 0.555787 0.126561 0.624896 0.624896 0.624896 0.626978 0.624063 0.480849 0.0670275 0.192756 0.153622 0.198168 0 1 1 1 1 0.955037 1 1 1 1 1 1 1 1 0.955037 1 0.955037 1 1 1 1 0.194374 0.990328 0.599916 0.599916 0.587067 0.625476 0.598043 0.604849 0.477702 0.18018 0.612819 0.176343 0.179454 0.143106 0.431808 0.566885 0.431808 0.59476 0.563183 0.562856 0.594654 0.42989 0.588908 0.732831 0.612789 0.0744102 0.0767136 0.0745455 0.240147 0.238642 0.139182 0.23978 0.0646054 0.248726 0.247915 0.24942 0.248957 0.248957 0.244784 0.244321 0.24942 0.245362 0.250464 0.249072 0.25058 0.153275 0.579656 0.615672 0.618292 0.618292 0.628091 0.618292 0.619692 0.783948 0.618292 0.624358 0.619692 0.618292 0.618292 0.619692 0.618292 0.736228 0.620448 0.616246 0.615133 0.609346
 0.549542 0.555787 0.126561 0.624896 0.624896 0.624896 0.626978 0.624063 0.480849 0.0670275 0.192756 0.153622 0.198168 1 0 1 1 1 0.955037 1 1 1 1 1 1 1 1 0.955037 1 0.955037 1 1 1 1 0.194374 0.990328 0.599916 0.599916 0.587067 0.625476 0.598043 0.604849 0.477702 0.18018 0.612819 0.176343 0.179454 0.143106 0.431808 0.566885 0.431808 0.59476 0.563183 0.562856 0.594654 0.42989 0.588908 0.732831 0.612789 0.0744102 0.0767136 0.0745455 0.240147 0.238642 0.139182 0.23978 0.0646054 0.248726 0.247915 0.24942 0.248957 0.248957 0.244784 0.244321 0.24942 0.245362 0.250464 0.249072 0.25058 0.153275 0.579656 0.615672 0.618292 0.618292 0.628091 0.618292 0.619692 0.783948 0.618292 0.624358 0.619692 0.618292 0.618292 0.619692 0.618292 0.736228 0.620448 0.616246 0.615133 0.609346
 0.549542 0.555787 0.126561 0.624896 0.624896 0.624896 0.626978 0.624063 0.480849 0.0670275 0.192756 0.153622 0.198168 1 1 0 1 1 0.955037 1 1 1 1 1 1 1 1 0.955037 1 0.955037 1 1 1 1 0.194374 0.990328 0.599916 0.599916 0.587067 0.625476 0.598043 0.604849 0.477702 0.18018 0.612819 0.176343 0.179454 0.143106 0.431808 0.566885 0.431808 0.59476 0.563183 0.562856 0.594654 0.42989 0.588908 0.732831 0.612789 0.0744102 0.0767136 0.0745455 0.240147 0.238642 0.139182 0.23978 0.0646054 0.248726 0.247915 0.24942 0.248957 0.248957 0.244784 0.244321 0.24942 0.245362 0.250464 0.249072 0.25058 0.153275 0.579656 0.615672 0.618292 0.618292 0.628091 0.618292 0.619692 0.783948 0.618292 0.624358 0.619692 0.618292 0.618292 0.619692 0.618292 0.736228 0.620448 0.616246 0.615133 0.609346
 0.549542 0.555787 0.126561 0.624896 0.624896 0.624896 0.626978 0.624063 0.480849 0.0670275 0.192756 0.153622 0.198168 1 1 1 0 1 0.955037 1 1 1 1 1 1 1 1 0.955037 1 0.955037 1 1 1 1 0.194374 0.990328 0.599916 0.599916 0.587067 0.625476 0.598043 0.604849 0.477702 0.18018 0.612819 0.176343 0.179454 0.143106 0.431808 0.566885 0.431808 0.59476 0.563183 0.562856 0.594654 0.42989 0.588908 0.732831 0.612789 0.0744102 0.0767136 0.0745455 0.240147 0.238642 0.139182 0.23978 0.0646054 0.248726 0.247915 0.24942 0.248957 0.248957 0.244784 0.244321 0.24942 0.245362 0.250464 0.249072 0.25058 0.153275 0.579656 0.615672 0.618292 0.618292 0.628091 0.618292 0.619692 0.783948 0.618292 0.624358 0.619692 0.618292 0.618292 0.619692 0.618292 0.736228 0.620448 0.616246 0.615133 0.609346
 0.549542 0.555787 0.126561 0.624896 0.624896 0.624896 0.626978 0.624063 0.480849 0.0670275 0.192756 0.153622 0.198168 1 1 1 1 0 0.955037 1 1 1 1 1 1 1 1 0.955037 1 0.955037 1 1 1 1 0.194374 0.990328 0.599916 0.599916 0.587067 0.625476 0.598043 0.604849 0.477702 0.18018 0.612819 0.176343 0.179454 0.143106 0.431808 0.566885 0.431808 0.59476 0.563183 0.562856 0.594654 0.42989 0.588908 0.732831 0.612789 0.0744102 0.0767136 0.0745455 0.240147 0.238642 0.139182 0.23978 0.0646054 0.248726 0.247915 0.24942 0.248957 0.248957 0.244784 0.244321 0.24942 0.245362 0.250464 0.249072 0.25058 0.153275 0.579656 0.615672 0.618292 0.618292 0.628091 0.618292 0.619692 0.783948 0.618292 0.624358 0.619692 0.618292 0.618292 0.619692 0.618292 0.736228 0.620448 0.616246 0.615133 0.609346
 0.542881 0.549958 0.125729 0.620733 0.620733 0.620733 0.624063 0.620733 0.477935 0.0670275 0.192756 0.153622 0.197752 0.955037 0.955037 0.955037 0.955037 0.955037 0 0.955037 0.955037 0.955037 0.955037 0.955037 0.955037 0.955037 0.955037 1 0.955037 1 0.955037 0.955037 0.955037 0.955037 0.195634 0.944912 0.588978 0.588978 0.580727 0.621667 0.590387 0.596767 0.475129 0.180609 0.611953 0.177643 0.182055 0.143106 0.432244 0.560349 0.432244 0.584716 0.556624 0.556286 0.584575 0.43033 0.580546 0.727071 0.608792 0.0744102 0.0767136 0.0745455 0.241063 0.239559 0.139642 0.23932 0.0682972 0.248263 0.247451 0.24942 0.247566 0.247566 0.244784 0.243857 0.248957 0.244898 0.249072 0.249072 0.249188 0.153739 0.571296 0.611007 0.615026 0.615026 0.622492 0.615026 0.616426 0.797014 0.615026 0.618759 0.616426 0.615026 0.613626 0.615026 0.615026 0.731559 0.618114 0.613912 0.608594 0.609346
 0.549542 0.555787 0.126561 0.624896 0.624896 0.624896 0.626978 0.624063 0.480849 0.0670275 0.192756 0.153622 0.198168 1 1 1 1 1 0.955037 0 1 1 1 1 1 1 1 0.955037 1 0.955037 1 1 1 1 0.194374 0.990328 0.599916 0.599916 0.587067 0.625476 0.598043 0.604849 0.477702 0.18018 0.612819 0.176343 0.179454 0.143106 0.431808 0.566885 0.431808 0.59476 0.563183 0.562856 0.594654 0.42989 0.588908 0.732831 0.612789 0.0744102 0.0767136 0.0745455 0.240147 0.238642 0.139182 0.23978 0.0646054 0.248726 0.247915 0.24942 0.248957 0.248957 0.244784 0.244321 0.24942 0.245362 0.250464 0.249072 0.25058 0.153275 0.579656 0.615672 0.618292 0.618292 0.628091 0.618292 0.619692 0.783948 0.618292 0.624358 0.619692 0.618292 0.618292 0.619692 0.618292 0.736228 0.620448 0.616246 0.615133 0.609346
 0.549542 0.555787 0.126561 0.624896 0.624896 0.624896 0.626978 0.624063 0.480849 0.0670275 0.192756 0.153622 0.198168 1 1 1 1 1 0.955037 1 0 1 1 1 1 1 1 0.955037 1 0.955037 1 1 1 1 0.194374 0.990328 0.599916 0.599916 0.587067 0.625476 0.598043 0.604849 0.477702 0.18018 0.612819 0.176343 0.179454 0.143106 0.431808 0.566885 0.431808 0.59476 0.563183 0.562856 0.594654 0.42989 0.588908 0.732831 0.612789 0.0744102 0.0767136 0.0745455 0.240147 0.238642 0.139182 0.23978 0.0646054 0.248726 0.247915 0.24942 0.248957 0.248957 0.244784 0.244321 0.24942 0.245362 0.250464 0.249072 0.25058 0.153275 0.579656 0.615672 0.618292 0.618292 0.628091 0.618292 0.619692 0.783948 0.618292 0.624358 0.619692 0.618292 0.618292 0.619692 0.618292 0.736228 0.620448 0.616246 0.615133 0.609346
 0.549542 0.555787 0.126561 0.624896 0.624896 0.624896 0.626978 0.624063 0.480849 0.0670275 0.192756 0.153622 0.198168 1 1 1 1 1 0.955037 1 1 0 1 1 1 1 1 0.955037 1 0.955037 1 1 1 1 0.194374 0.990328 0.599916 0.599916 0.587067 0.625476 0.598043 0.604849 0.477702 0.18018 0.612819 0.176343 0.179454 0.143106 0.431808 0.566885 0.431808 0.59476 0.563183 0.562856 0.594654 0.42989 0.588908 0.732831 0.612789 0.0744102 0.0767136 0.0745455 0.240147 0.238642 0.139182 0.23978 0.0646054 0.248726 0.247915 0.24942 0.248957 0.248957 0.244784 0.244321 0.24942 0.245362 0.250464 0.249072 0.25058 0.153275 0.579656 0.615672 0.618292 0.618292 0.628091 0.618292 0.619692 0.783948 0.618292 0.624358 0.619692 0.618292 0.618292 0.619692 0.618292 0.736228 0.620448 0.616246 0.615133 0.609346
 0.549542 0.555787 0.126561 0.624896 0.624896 0.624896 0.626978 0.624063 0.480849 0.0670275 0.192756 0.153622 0.198168 1 1 1 1 1 0.955037 1 1 1 0 1 1 1 1 0.955037 1 0.955037 1 1 1 1 0.194374 0.990328 0.599916 0.599916 0.587067 0.625476 0.598043 0.604849 0.477702 0.18018 0.612819 0.176343 0.179454 0.143106 0.431808 0.566885 0.431808 0.59476 0.563183 0.562856 0.594654 0.42989 0.588908 0.732831 0.612789 0.0744102 0.0767136 0.0745455 0.240147 0.238642 0.139182 0.23978 0.0646054 0.248726 0.247915 0.24942 0.248957 0.248957 0.244784 0.244321 0.24942 0.245362 0.250464 0.249072 0.25058 0.153275 0.579656 0.615672 0.618292 0.618292 0.628091 0.618292 0.619692 0.783948 0.618292 0.624358 0.619692 0.618292 0.618292 0.619692 0.618292 0.736228 0.620448 0.616246 0.615133 0.609346
 0.549542 0.555787 0.126561 0.624896 0.624896 0.624896 0.626978 0.624063 0.480849 0.0670275 0.192756 0.153622 0.198168 1 1 1 1 1 0.955037 1 1 1 1 0 1 1 1 0.955037 1 0.955037 1 1 1 1 0.194374 0.990328 0.599916 0.599916 0.587067 0.625476 0.598043 0.604849 0.477702 0.18018 0.612819 0.176343 0.179454 0.143106 0.431808 0.566885 0.431808 0.59476 0.563183 0.562856 0.594654 0.42989 0.588908 0.732831 0.612789 0.0744102 0.0767136 0.0745455 0.240147 0.238642 0.139182 0.23978 0.0646054 0.248726 0.247915 0.24942 0.248957 0.248957 0.244784 0.244321 0.24942 0.245362 0.250464 0.249072 0.25058 0.153275 0.579656 0.615672 0.618292 0.618292 0.628091 0.618292 0.619692 0.783948 0.618292 0.624358 0.619692 0.618292 0.618292 0.619692 0.618292 0.736228 0.620448 0.616246 0.615133 0.609346
 0.549542 0.555787 0.126561 0.624896 0.624896 0.624896 0.626978 0.624063 0.480849 0.0670275 0.192756 0.153622 0.198168 1 1 1 1 1 0.955037 1 1 1 1 1 0 1 1 0.955037 1 0.955037 1 1 1 1 0.194374 0.990328 0.599916 0.599916 0.587067 0.625476 0.598043 0.604849 0.477702 0.18018 0.612819 0.176343 0.179454 0.143106 0.431808 0.566885 0.431808 0.59476 0.563183 0.562856 0.594654 0.42989 0.588908 0.732831 0.612789 0.0744102 0.0767136 0.0745455 0.240147 0.238642 0.139182 0.23978 0.0646054 0.248726 0.247915 0.24942 0.248957 0.248957 0.244784 0.244321 0.24942 0.245362 0.250464 0.249072 0.25058 0.153275 0.579656 0.615672 0.618292 0.618292 0.628091 0.618292 0.619692 0.783948 0.618292 0.624358 0.619692 0.618292 0.618292 0.619692 0.618292 0.736228 0.620448 0.616246 0.615133 0.609346
 0.549542 0.555787 0.126561 0.624896 0.624896 0.624896 0.626978 0.624063 0.480849 0.0670275 0.192756 0.153622 0.198168 1 1 1 1 1 0.955037 1 1 1 1 1 1 0 1 0.955037 1 0.955037 1 1 1 1 0.194374 0.990328 0.599916 0.599916 0.587067 0.625476 0.598043 0.604849 0.477702 0.18018 0.612819 0.176343 0.179454 0.143106 0.431808 0.566885 0.431808 0.59476 0.563183 0.562856 0.594654 0.42989 0.588908 0.732831 0.612789 0.0744102 0.0767136 0.0745455 0.240147 0.238642 0.139182 0.23978 0.0646054 0.248726 0.247915 0.24942 0.248957 0.248957 0.244784 0.244321 0.24942 0.245362 0.250464 0.249072 0.25058 0.153275 0.579656 0.615672 0.618292 0.618292 0.628091 0.618292 0.619692 0.783948 0.618292 0.624358 0.619692 0.618292 0.618292 0.619692 0.618292 0.736228 0.620448 0.616246 0.615133 0.609346
 0.549542 0.555787 0.126561 0.624896 0.624896 0.624896 0.626978 0.624063 0.480849 0.0670275 0.192756 0.153622 0.198168 1 1 1 1 1 0.955037 1 1 1 1 1 1 1 0 0.955037 1 0.955037 1 1 1 1 0.194374 0.990328 0.599916 0.599916 0.587067 0.625476 0.598043 0.604849 0.477702 0.18018 0.612819 0.176343 0.179454 0.143106 0.431808 0.566885 0.431808 0.59476 0.563183 0.562856 0.594654 0.42989 0.588908 0.732831 0.612789 0.0744102 0.0767136 0.0745455 0.240147 0.238642 0.139182 0.23978 0.0646054 0.248726 0.247915 0.24942 0.248957 0.248957 0.244784 0.244321 0.24942 0.245362 0.250464 0.249072 0.25058 0.153275 0.579656 0.615672 0.618292 0.618292 0.628091 0.618292 0.619692 0.783948 0.618292 0.624358 0.619692 0.618292 0.618292 0.619692 0.618292 0.736228 0.620448 0.616246 0.615133 0.609346
 0.542881 0.549958 0.125729 0.620733 0.620733 0.620733 0.624063 0.620733 0.477935 0.0670275 0.192756 0.153622 0.197752 0.955037 0.955037 0.955037 0.955037 0.955037 1 0.955037 0.955037 0.955037 0.955037 0.955037 0.955037 0.955037 0.955037 0 0.955037 1 0.955037 0.955037 0.955037 0.955037 0.195634 0.944912 0.588978 0.588978 0.580727 0.621667 0.590387 0.596767 0.475129 0.180609 0.611953 0.177643 0.182055 0.143106 0.432244 0.560349 0.432244 0.584716 0.556624 0.556286 0.584575 0.43033 0.580546 0.727071 0.608792 0.0744102 0.0767136 0.0745455 0.241063 0.239559 0.139642 0.23932 0.0682972 0.248263 0.247451 0.24942 0.247566 0.247566 0.244784 0.243857 0.248957 0.244898 0.249072 0.249072 0.249188 0.153739 0.571296 0.611007 0.615026 0.615026 0.622492 0.615026 0.616426 0.797014 0.615026 0.618759 0.616426 0.615026 0.613626 0.615026 0.615026 0.731559 0.618114 0.613912 0.608594 0.609346
 0.549542 0.555787 0.126561 0.624896 0.624896 0.624896 0.626978 0.624063 0.480849 0.0670275 0.192756 0.153622 0.198168 1 1 1 1 1 0.955037 1 1 1 1 1 1 1 1 0.955037 0 0.955037 1 1 1 1 0.194374 0.990328 0.599916 0.599916 0.587067 0.625476 0.598043 0.604849 0.477702 0.18018 0.612819 0.176343 0.179454 0.143106 0.431808 0.566885 0.431808 0.59476 0.563183 0.562856 0.594654 0.42989 0.588908 0.732831 0.612789 0.0744102 0.0767136 0.0745455 0.240147 0.238642 0.139182 0.23978 0.0646054 0.248726 0.247915 0.24942 0.248957 0.248957 0.244784 0.244321 0.24942 0.245362 0.250464 0.249072 0.25058 0.153275 0.579656 0.615672 0.618292 0.618292 0.628091 0.618292 0.619692 0.783948 0.618292 0.624358 0.619692 0.618292 0.618292 0.619692 0.618292 0.736228 0.620448 0.616246 0.615133 0.609346
 0.542881 0.549958 0.125729 0.620733 0.620733 0.620733 0.624063 0.620733 0.477935 0.0670275 0.192756 0.153622 0.197752 0.955037 0.955037 0.955037 0.955037 0.955037 1 0.955037 0.955037 0.955037 0.955037 0.955037 0.955037 0.955037 0.955037 1 0.955037 0 0.955037 0.955037 0.955037 0.955037 0.195634 0.944912 0.588978 0.588978 0.580727 0.621667 0.590387 0.596767 0.475129 0.180609 0.611953 0.177643 0.182055 0.143106 0.432244 0.560349 0.432244 0.584716 0.556624 0.556286 0.584575 0.43033 0.580546 0.727071 0.608792 0.0744102 0.0767136 0.0745455 0.241063 0.239559 0.139642 0.23932 0.0682972 0.248263 0.247451 0.24942 0.247566 0.247566 0.244784 0.243857 0.248957 0.244898 0.249072 0.249072 0.249188 0.153739 0.571296 0.611007 0.615026 0.615026 0.622492 0.615026 0.616426 0.797014 0.615026 0.618759 0.616426 0.615026 0.613626 0.615026 0.615026 0.731559 0.618114 0.613912 0.608594 0.609346
 0.549542 0.555787 0.126561 0.624896 0.624896 0.624896 0.626978 0.624063 0.480849 0.0670275 0.192756 0.153622 0.198168 1 1 1 1 1 0.955037 1 1 1 1 1 1 1 1 0.955037 1 0.955037 0 1 1 1 0.194374 0.990328 0.599916 0.599916 0.587067 0.625476 0.598043 0.604849 0.477702 0.18018 0.612819 0.176343 0.179454 0.143106 0.431808 0.566885 0.431808 0.59476 0.563183 0.562856 0.594654 0.42989 0.588908 0.732831 0.612789 0.0744102 0.0767136 0.0745455 0.240147 0.238642 0.139182 0.23978 0.0646054 0.248726 0.247915 0.24942 0.248957 0.248957 0.244784 0.244321 0.24942 0.245362 0.250464 0.249072 0.25058 0.153275 0.579656 0.615672 0.618292 0.618292 0.628091 0.618292 0.619692 0.783948 0.618292 0.624358 0.619692 0.618292 0.618292 0.619692 0.618292 0.736228 0.620448 0.616246 0.615133 0.609346
 0.549542 0.555787 0.126561 0.624896 0.624896 0.624896 0.626978 0.624063 0.480849 0.0670275 0.192756 0.153622 0.198168 1 1 1 1 1 0.955037 1 1 1 1 1 1 1 1 0.955037 1 0.955037 1 0 1 1 0.194374 0.990328 0.599916 0.599916 0.587067 0.625476 0.598043 0.604849 0.477702 0.18018 0.612819 0.176343 0.179454 0.143106 0.431808 0.566885 0.431808 0.59476 0.563183 0.562856 0.594654 0.42989 0.588908 0.732831 0.612789 0.0744102 0.0767136 0.0745455 0.240147 0.238642 0.139182 0.23978 0.0646054 0.248726 0.247915 0.24942 0.248957 0.248957 0.244784 0.244321 0.24942 0.245362 0.250464 0.249072 0.25058 0.153275 0.579656 0.615672 0.618292 0.618292 0.628091 0.618292 0.619692 0.783948 0.618292 0.624358 0.619692 0.618292 0.618292 0.619692 0.618292 0.736228 0.620448 0.616246 0.615133 0.609346
 0.549542 0.555787 0.126561 0.624896 0.624896 0.624896 0.626978 0.624063 0.480849 0.0670275 0.192756 0.153622 0.198168 1 1 1 1 1 0.955037 1 1 1 1 1 1 1 1 0.955037 1 0.955037 1 1 0 1 0.194374 0.990328 0.599916 0.599916 0.587067 0.625476 0.598043 0.604849 0.477702 0.18018 0.612819 0.176343 0.179454 0.143106 0.431808 0.566885 0.431808 0.59476 0.563183 0.562856 0.594654 0.42989 0.588908 0.732831 0.612789 0.0744102 0.0767136 0.0745455 0.240147 0.238642 0.139182 0.23978 0.0646054 0.248726 0.247915 0.24942 0.248957 0.248957 0.244784 0.244321 0.24942 0.245362 0.250464 0.249072 0.25058 0.153275 0.579656 0.615672 0.618292 0.618292 0.628091 0.618292 0.619692 0.783948 0.618292 0.624358 0.619692 0.618292 0.618292 0.619692 0.618292 0.736228 0.620448 0.616246 0.615133 0.609346
 0.549542 0.555787 0.126561 0.624896 0.624896 0.624896 0.626978 0.624063 0.480849 0.0670275 0.192756 0.153622 0.198168 1 1 1 1 1 0.955037 1 1 1 1 1 1 1 1 0.955037 1 0.955037 1 1 1 0 0.194374 0.990328 0.599916 0.599916 0.587067 0.625476 0.598043 0.604849 0.477702 0.18018 0.612819 0.176343 0.179454 0.143106 0.431808 0.566885 0.431808 0.59476 0.563183 0.562856 0.594654 0.42989 0.588908 0.732831 0.612789 0.0744102 0.0767136 0.0745455 0.240147 0.238642 0.139182 0.23978 0.0646054 0.248726 0.247915 0.24942 0.248957 0.248957 0.244784 0.244321 0.24942 0.245362 0.250464 0.249072 0.25058 0.153275 0.579656 0.615672 0.618292 0.618292 0.628091 0.618292 0.619692 0.783948 0.618292 0.624358 0.619692 0.618292 0.618292 0.619692 0.618292 0.736228 0.620448 0.616246 0.615133 0.609346
 0.150714 0.148195 0.140218 0.205709 0.205709 0.205709 0.202771 0.202351 0.193115 0.0562552 0.337951 0.1822 0.178002 0.194374 0.194374 0.194374 0.194374 0.194374 0.195634 0.194374 0.194374 0.194374 0.194374 0.194374 0.194374 0.194374 0.194374 0.195634 0.194374 0.195634 0.194374 0.194374 0.194374 0.194374 0 0.190496 0.218763 0.218763 0.213863 0.220906 0.209698 0.209698 0.205832 0.414414 0.199654 0.343588 0.337668 0.133536 0.196078 0.205229 0.196078 0.196943 0.199825 0.200175 0.197634 0.20044 0.198504 0.210899 0.201155 0.0893829 0.0903314 0.0904545 0.251146 0.250115 0.158934 0.200276 0.0793724 0.257063 0.260426 0.257302 0.256375 0.256375 0.259156 0.258229 0.259156 0.256957 0.259276 0.258349 0.258933 0.187181 0.22248 0.213619 0.213719 0.213719 0.213252 0.213719 0.213719 0.208119 0.213719 0.214186 0.213719 0.213719 0.212786 0.213719 0.213719 0.214753 0.21662 0.21662 0.213452 0.224299
 0.555088 0.561396 0.126577 0.624474 0.624474 0.624474 0.625315 0.622372 0.482759 0.0630782 0.191337 0.155172 0.198066 0.990328 0.990328 0.990328 0.990328 0.990328 0.944912 0.990328 0.990328 0.990328 0.990328 0.990328 0.990328 0.990328 0.990328 0.944912 0.990328 0.944912 0.990328 0.990328 0.990328 0.990328 0.190496 0 0.599916 0.599916 0.587067 0.625476 0.598043 0.604849 0.477702 0.18018 0.61152 0.176343 0.179454 0.143106 0.431808 0.566885 0.431808 0.592576 0.559248 0.560228 0.593339 0.42989 0.588908 0.732831 0.612789 0.0744102 0.0767136 0.0745455 0.237397 0.238183 0.137345 0.237483 0.0622981 0.245947 0.245134 0.246639 0.246175 0.246175 0.242003 0.241539 0.246639 0.242579 0.247681 0.246289 0.247796 0.152346 0.579656 0.615672 0.618292 0.618292 0.628091 0.618292 0.619692 0.783948 0.618292 0.624358 0.619692 0.618292 0.618292 0.619692 0.618292 0.733427 0.620448 0.616246 0.615133 0.609346
 0.434581 0.432899 0.147244 0.657972 0.657972 0.657972 0.655027 0.652503 0.437526 0.0727808 0.219184 0.167438 0.222129 0.599916 0.599916 0.599916 0.599916 0.599916 0.588978 0.599916 0.599916 0.599916 0.599916 0.599916 0.599916 0.599916 0.599916 0.588978 0.599916 0.588978 0.599916 0.599916 0.599916 0.599916 0.218763 0.599916 0 1 0.636095 0.83157 0.606976 0.612931 0.476415 0.211926 0.701169 0.213605 0.218032 0.161809 0.45098 0.613508 0.45098 0.600873 0.609095 0.610162 0.602103 0.456703 0.597271 0.643775 0.702487 0.0821234 0.0844303 0.0818182 0.283685 0.281781 0.159394 0.270096 0.0766036 0.290412 0.290083 0.289754 0.287436 0.287436 0.286045 0.284655 0.289291 0.285714 0.290353 0.289889 0.289095 0.176033 0.900139 0.725746 0.720485 0.720485 0.732618 0.720485 0.720485 0.659823 0.720485 0.728885 0.720485 0.720485 0.725618 0.724218 0.720485 0.648459 0.729225 0.736228 0.726763 0.815421
 0.434581 0.432899 0.147244 0.657972 0.657972 0.657972 0.655027 0.652503 0.437526 0.0727808 0.219184 0.167438 0.222129 0.599916 0.599916 0.599916 0.599916 0.599916 0.588978 0.599916 0.599916 0.599916 0.599916 0.599916 0.599916 0.599916 0.599916 0.588978 0.599916 0.588978 0.599916 0.599916 0.599916 0.599916 0.218763 0.599916 1 0 0.636095 0.83157 0.606976 0.612931 0.476415 0.211926 0.701169 0.213605 0.218032 0.161809 0.45098 0.613508 0.45098 0.600873 0.609095 0.610162 0.602103 0.456703 0.597271 0.643775 0.702487 0.0821234 0.0844303 0.0818182 0.283685 0.281781 0.159394 0.270096 0.0766036 0.290412 0.290083 0.289754 0.287436 0.287436 0.286045 0.284655 0.289291 0.285714 0.290353 0.289889 0.289095 0.176033 0.900139 0.725746 0.720485 0.720485 0.732618 0.720485 0.720485 0.659823 0.720485 0.728885 0.720485 0.720485 0.725618 0.724218 0.720485 0.648459 0.729225 0.736228 0.726763 0.815421
 0.494083 0.490279 0.143702 0.614117 0.614117 0.614117 0.619611 0.616653 0.414624 0.0701606 0.21809 0.169907 0.214708 0.587067 0.587067 0.587067 0.587067 0.587067 0.580727 0.587067 0.587067 0.587067 0.587067 0.587067 0.587067 0.587067 0.587067 0.580727 0.587067 0.580727 0.587067 0.587067 0.587067 0.587067 0.213863 0.587067 0.636095 0.636095 0 0.665679 0.86006 0.863462 0.4494 0.204633 0.666955 0.206239 0.213264 0.161375 0.565142 0.938126 0.565142 0.861572 0.963271 0.962768 0.861087 0.587692 0.858715 0.661941 0.662078 0.0852995 0.086246 0.0859091 0.272227 0.275815 0.148369 0.2678 0.064144 0.284854 0.284986 0.285118 0.282337 0.282337 0.280482 0.284191 0.284191 0.279685 0.284323 0.284787 0.283991 0.170924 0.653507 0.684701 0.683621 0.683621 0.690154 0.683621 0.685954 0.650023 0.683621 0.686421 0.685954 0.683621 0.685021 0.686421 0.683621 0.680205 0.68394 0.685341 0.686128 0.682243
 0.461278 0.461278 0.150233 0.696995 0.696995 0.696995 0.692763 0.689801 0.438849 0.0710961 0.224291 0.165891 0.21879 0.625476 0.625476 0.625476 0.625476 0.625476 0.621667 0.625476 0.625476 0.625476 0.625476 0.625476 0.625476 0.625476 0.625476 0.621667 0.625476 0.621667 0.625476 0.625476 0.625476 0.625476 0.220906 0.625476 0.83157 0.83157 0.665679 0 0.64228 0.648235 0.480703 0.213213 0.74058 0.218371 0.220199 0.159635 0.452288 0.644009 0.452288 0.639738 0.633144 0.632063 0.638475 0.462418 0.633363 0.67479 0.738455 0.0857532 0.0876078 0.0877273 0.283685 0.281781 0.155719 0.271015 0.0766036 0.292265 0.291474 0.293 0.290218 0.290218 0.288827 0.286973 0.292072 0.288497 0.293135 0.292672 0.291879 0.171389 0.817928 0.766791 0.763416 0.763416 0.782548 0.763416 0.766216 0.694354 0.763416 0.778815 0.766216 0.763416 0.765749 0.767149 0.763416 0.68394 0.777311 0.776377 0.76553 0.9
 0.497235 0.498086 0.143343 0.609103 0.609103 0.609103 0.608677 0.6057 0.415142 0.0697575 0.216078 0.163335 0.214802 0.598043 0.598043 0.598043 0.598043 0.598043 0.590387 0.598043 0.598043 0.598043 0.598043 0.598043 0.598043 0.598043 0.598043 0.590387 0.598043 0.590387 0.598043 0.598043 0.598043 0.598043 0.209698 0.598043 0.606976 0.606976 0.86006 0.64228 0 0.989792 0.447256 0.205062 0.638805 0.20234 0.214998 0.151805 0.560349 0.853595 0.560349 0.968559 0.8662 0.865966 0.968449 0.578022 0.989437 0.667257 0.641208 0.0857532 0.0871539 0.0854545 0.281852 0.284993 0.152044 0.268718 0.0687587 0.293191 0.294254 0.293 0.291609 0.291609 0.288827 0.292072 0.293 0.288033 0.293135 0.293135 0.292807 0.165351 0.624245 0.664646 0.663556 0.663556 0.671489 0.663556 0.664489 0.642557 0.663556 0.675222 0.664489 0.663556 0.664956 0.666356 0.663556 0.686275 0.670401 0.671802 0.666044 0.66215
 0.50319 0.504041 0.142918 0.615483 0.615483 0.615483 0.615057 0.61208 0.418971 0.0706083 0.216078 0.16376 0.213952 0.604849 0.604849 0.604849 0.604849 0.604849 0.596767 0.604849 0.604849 0.604849 0.604849 0.604849 0.604849 0.604849 0.604849 0.596767 0.604849 0.596767 0.604849 0.604849 0.604849 0.604849 0.209698 0.604849 0.612931 0.612931 0.863462 0.648235 0.989792 0 0.451115 0.204204 0.645301 0.20364 0.214998 0.15224 0.563834 0.857081 0.563834 0.972052 0.869698 0.86947 0.971954 0.581538 0.992958 0.673903 0.647869 0.0852995 0.0867 0.085 0.281393 0.284534 0.152044 0.268718 0.0678357 0.296434 0.297498 0.296245 0.294854 0.294854 0.292072 0.295318 0.296245 0.29128 0.296382 0.296382 0.296056 0.164886 0.630748 0.671642 0.670555 0.670555 0.678488 0.670555 0.671489 0.649557 0.670555 0.682221 0.671489 0.670555 0.671955 0.673355 0.670555 0.693277 0.676937 0.678338 0.672583 0.668692
 0.340051 0.34048 0.133791 0.430532 0.430532 0.430532 0.428388 0.425386 0.900515 0.0690395 0.215266 0.15223 0.194254 0.477702 0.477702 0.477702 0.477702 0.477702 0.475129 0.477702 0.477702 0.477702 0.477702 0.477702 0.477702 0.477702 0.477702 0.475129 0.477702 0.475129 0.477702 0.477702 0.477702 0.477702 0.205832 0.477702 0.476415 0.476415 0.4494 0.480703 0.447256 0.451115 0 0.208065 0.452144 0.205806 0.211964 0.148325 0.51939 0.455338 0.51634 0.440611 0.440752 0.439334 0.43865 0.546813 0.43662 0.472308 0.445382 0.0884755 0.0880617 0.0877273 0.280935 0.287288 0.144695 0.27469 0.0738348 0.287633 0.288693 0.288363 0.287436 0.287436 0.284655 0.288827 0.288363 0.285714 0.289425 0.288033 0.288631 0.163028 0.475151 0.460821 0.461036 0.461036 0.468502 0.461036 0.461036 0.474568 0.461036 0.471302 0.461036 0.461036 0.458703 0.460569 0.461036 0.467787 0.46592 0.466853 0.460532 0.477103
 0.143286 0.143286 0.13299 0.199485 0.199485 0.199485 0.196053 0.195624 0.194766 0.0514801 0.350493 0.173745 0.192621 0.18018 0.18018 0.18018 0.18018 0.18018 0.180609 0.18018 0.18018 0.18018 0.18018 0.18018 0.18018 0.18018 0.18018 0.180609 0.18018 0.180609 0.18018 0.18018 0.18018 0.18018 0.414414 0.18018 0.211926 0.211926 0.204633 0.213213 0.205062 0.204204 0.208065 0 0.197488 0.402513 0.339402 0.128317 0.192157 0.196078 0.192157 0.19476 0.196764 0.197109 0.195443 0.200879 0.194982 0.20514 0.196714 0.084392 0.0839764 0.0854545 0.231897 0.231758 0.179146 0.211759 0.0789109 0.241779 0.241891 0.242466 0.241539 0.241539 0.241076 0.241076 0.241539 0.24026 0.242115 0.243043 0.243155 0.192754 0.212262 0.209422 0.208586 0.208586 0.208586 0.208586 0.208586 0.20252 0.208586 0.209519 0.208586 0.208586 0.209053 0.208586 0.208586 0.211018 0.211951 0.212418 0.208781 0.212617
 0.476397 0.474664 0.140754 0.871373 0.871373 0.871373 0.885665 0.8822 0.404504 0.0632308 0.19922 0.149415 0.203118 0.612819 0.612819 0.612819 0.612819 0.612819 0.611953 0.612819 0.612819 0.612819 0.612819 0.612819 0.612819 0.612819 0.612819 0.611953 0.612819 0.611953 0.612819 0.612819 0.612819 0.612819 0.199654 0.61152 0.701169 0.701169 0.666955 0.74058 0.638805 0.645301 0.452144 0.197488 0 0.191508 0.198093 0.14789 0.438344 0.65098 0.438344 0.651092 0.641452 0.640823 0.650307 0.452308 0.643486 0.672574 0.982682 0.0662432 0.0689968 0.0686364 0.264895 0.267095 0.144235 0.259072 0.0706045 0.274201 0.273865 0.274919 0.272137 0.272137 0.270746 0.269819 0.273992 0.270872 0.274119 0.274583 0.273782 0.174176 0.697631 0.900187 0.90014 0.90014 0.878675 0.90014 0.90014 0.685488 0.90014 0.874942 0.90014 0.90014 0.90014 0.90014 0.90014 0.684874 0.874416 0.870682 0.900047 0.738785
 0.143414 0.144714 0.12825 0.194107 0.194107 0.194107 0.191508 0.191075 0.192808 0.0662912 0.308492 0.15078 0.185009 0.176343 0.176343 0.176343 0.176343 0.176343 0.177643 0.176343 0.176343 0.176343 0.176343 0.176343 0.176343 0.176343 0.176343 0.177643 0.176343 0.177643 0.176343 0.176343 0.176343 0.176343 0.343588 0.176343 0.213605 0.213605 0.206239 0.218371 0.20234 0.20364 0.205806 0.402513 0.191508 0 0.305592 0.112658 0.185185 0.195643 0.186057 0.193886 0.197639 0.197985 0.194566 0.194725 0.193662 0.205583 0.189165 0.0825771 0.0857921 0.085 0.236022 0.234052 0.16904 0.2113 0.0844485 0.245947 0.246525 0.245248 0.246175 0.246175 0.244321 0.246639 0.246175 0.243043 0.246289 0.244898 0.246404 0.184858 0.211797 0.20056 0.20112 0.20112 0.202053 0.20112 0.201587 0.20112 0.20112 0.202053 0.201587 0.20112 0.200653 0.20112 0.20112 0.209617 0.204482 0.204482 0.200841 0.215888
 0.150412 0.149978 0.135241 0.204161 0.204161 0.204161 0.202427 0.20156 0.204161 0.0663199 0.655397 0.169918 0.195059 0.179454 0.179454 0.179454 0.179454 0.179454 0.182055 0.179454 0.179454 0.179454 0.179454 0.179454 0.179454 0.179454 0.179454 0.182055 0.179454 0.182055 0.179454 0.179454 0.179454 0.179454 0.337668 0.179454 0.218032 0.218032 0.213264 0.220199 0.214998 0.214998 0.211964 0.339402 0.198093 0.305592 0 0.15137 0.199564 0.207843 0.199564 0.20655 0.207696 0.20806 0.207274 0.209231 0.205106 0.202924 0.19627 0.0825771 0.0826146 0.0818182 0.267644 0.26939 0.167662 0.21819 0.0793724 0.274201 0.274328 0.273992 0.274919 0.274919 0.27121 0.275382 0.274919 0.273655 0.274583 0.273655 0.275174 0.186252 0.219693 0.204757 0.206253 0.206253 0.20672 0.206253 0.206253 0.204853 0.206253 0.207186 0.206253 0.206253 0.204853 0.205786 0.206253 0.208217 0.205882 0.205882 0.205044 0.22243
