 0 0.990075 0.475017 0.535934 0.535934 0.535934 0.536619 0.536277 0.523956 0.507187 0.51232 0.498289 0.508214 0.700548 0.700548 0.700548 0.700548 0.700548 0.699521 0.700548 0.700548 0.700548 0.700548 0.700548 0.700548 0.700548 0.700548 0.699521 0.700548 0.699521 0.700548 0.700548 0.700548 0.700548 0.514374 0.699863 0.708419 0.708419 0.723477 0.721424 0.720397 0.720739 0.537303 0.527721 0.705339 0.52601 0.53217 0.495893 0.519165 0.699179 0.519165 0.698152 0.696099 0.694045 0.695414 0.518138 0.695072 0.732375 0.69473 0.491786 0.490075 0.49076 0.548939 0.549624 0.528747 0.543121 0.494524 0.557153 0.554415 0.556126 0.555099 0.555099 0.554757 0.554757 0.555099 0.554073 0.555441 0.55681 0.555441 0.496578 0.672485 0.690965 0.690965 0.690965 0.692334 0.690965 0.690623 0.700205 0.690965 0.691992 0.690623 0.690965 0.690281 0.690623 0.690965 0.713552 0.691307 0.690965 0.689596 0.684805
 0.990075 0 0.474658 0.534247 0.534247 0.534247 0.534247 0.533904 0.52226 0.507534 0.511986 0.496918 0.508219 0.704795 0.704795 0.704795 0.704795 0.704795 0.704452 0.704795 0.704795 0.704795 0.704795 0.704795 0.704795 0.704795 0.704795 0.704452 0.704795 0.704452 0.704795 0.704795 0.704795 0.704795 0.515753 0.70411 0.707192 0.707192 0.724315 0.719521 0.721233 0.721575 0.535274 0.52637 0.703767 0.525342 0.532192 0.494863 0.519178 0.7 0.518836 0.698973 0.696918 0.694863 0.696233 0.518151 0.69589 0.727055 0.693151 0.490411 0.488699 0.489384 0.548288 0.549315 0.529452 0.543836 0.494521 0.556507 0.553425 0.555479 0.55411 0.55411 0.553767 0.55411 0.55411 0.553082 0.554452 0.556164 0.554452 0.495548 0.671233 0.689384 0.688699 0.688699 0.690753 0.688699 0.688356 0.701027 0.688699 0.690411 0.688356 0.688699 0.688699 0.689041 0.688699 0.708219 0.689726 0.689041 0.688014 0.683219
 0.475017 0.474658 0 0.567855 0.567855 0.567855 0.567855 0.567855 0.53427 0.538725 0.604181 0.506511 0.69157 0.545236 0.545236 0.545236 0.545236 0.545236 0.544551 0.545236 0.545236 0.545236 0.545236 0.545236 0.545236 0.545236 0.545236 0.544551 0.545236 0.544551 0.545236 0.545236 0.545236 0.545236 0.59904 0.541124 0.59767 0.59767 0.595956 0.598698 0.602125 0.60281 0.572995 0.592529 0.591844 0.585675 0.591158 0.616518 0.576422 0.590816 0.57608 0.589445 0.588759 0.588417 0.588417 0.582248 0.592872 0.588074 0.589102 0.524332 0.52159 0.523646 0.578136 0.579164 0.60281 0.560315 0.535298 0.565456 0.565798 0.565113 0.5634 0.5634 0.564428 0.564428 0.564085 0.564085 0.564085 0.56477 0.56477 0.583276 0.561343 0.5634 0.5634 0.5634 0.561686 0.5634 0.5634 0.562714 0.5634 0.562029 0.5634 0.5634 0.562714 0.563057 0.5634 0.562029 0.561686 0.561343 0.562371 0.562371
 0.535934 0.534247 0.567855 0 1 1 0.997312 0.996928 0.697773 0.476575 0.568356 0.493856 0.524194 0.686252 0.686252 0.686252 0.686252 0.686252 0.686252 0.686252 0.686252 0.686252 0.686252 0.686252 0.686252 0.686252 0.686252 0.686252 0.686252 0.686252 0.686252 0.686252 0.686252 0.686252 0.564132 0.677419 0.696621 0.696621 0.69278 0.709293 0.695469 0.695853 0.554916 0.55722 0.71467 0.554916 0.5553 0.602919 0.541859 0.670891 0.541859 0.665515 0.664747 0.662442 0.662826 0.549539 0.670507 0.740015 0.717742 0.476959 0.476575 0.479263 0.545699 0.546851 0.508065 0.517665 0.50192 0.534562 0.535714 0.533794 0.534178 0.534178 0.53533 0.53533 0.534946 0.53533 0.533794 0.53341 0.534562 0.50192 0.781106 0.821429 0.822965 0.822965 0.817204 0.822965 0.822581 0.784562 0.822965 0.81682 0.822581 0.822965 0.823349 0.823349 0.822965 0.783794 0.817588 0.817204 0.822197 0.794163
 0.535934 0.534247 0.567855 1 0 1 0.997312 0.996928 0.697773 0.476575 0.568356 0.493856 0.524194 0.686252 0.686252 0.686252 0.686252 0.686252 0.686252 0.686252 0.686252 0.686252 0.686252 0.686252 0.686252 0.686252 0.686252 0.686252 0.686252 0.686252 0.686252 0.686252 0.686252 0.686252 0.564132 0.677419 0.696621 0.696621 0.69278 0.709293 0.695469 0.695853 0.554916 0.55722 0.71467 0.554916 0.5553 0.602919 0.541859 0.670891 0.541859 0.665515 0.664747 0.662442 0.662826 0.549539 0.670507 0.740015 0.717742 0.476959 0.476575 0.479263 0.545699 0.546851 0.508065 0.517665 0.50192 0.534562 0.535714 0.533794 0.534178 0.534178 0.53533 0.53533 0.534946 0.53533 0.533794 0.53341 0.534562 0.50192 0.781106 0.821429 0.822965 0.822965 0.817204 0.822965 0.822581 0.784562 0.822965 0.81682 0.822581 0.822965 0.823349 0.823349 0.822965 0.783794 0.817588 0.817204 0.822197 0.794163
 0.535934 0.534247 0.567855 1 1 0 0.997312 0.996928 0.697773 0.476575 0.568356 0.493856 0.524194 0.686252 0.686252 0.686252 0.686252 0.686252 0.686252 0.686252 0.686252 0.686252 0.686252 0.686252 0.686252 0.686252 0.686252 0.686252 0.686252 0.686252 0.686252 0.686252 0.686252 0.686252 0.564132 0.677419 0.696621 0.696621 0.69278 0.709293 0.695469 0.695853 0.554916 0.55722 0.71467 0.554916 0.5553 0.602919 0.541859 0.670891 0.541859 0.665515 0.664747 0.662442 0.662826 0.549539 0.670507 0.740015 0.717742 0.476959 0.476575 0.479263 0.545699 0.546851 0.508065 0.517665 0.50192 0.534562 0.535714 0.533794 0.534178 0.534178 0.53533 0.53533 0.534946 0.53533 0.533794 0.53341 0.534562 0.50192 0.781106 0.821429 0.822965 0.822965 0.817204 0.822965 0.822581 0.784562 0.822965 0.81682 0.822581 0.822965 0.823349 0.823349 0.822965 0.783794 0.817588 0.817204 0.822197 0.794163
 0.536619 0.534247 0.567855 0.997312 0.997312 0.997312 0 0.999616 0.697389 0.47619 0.567588 0.49424 0.52381 0.68702 0.68702 0.68702 0.68702 0.68702 0.68702 0.68702 0.68702 0.68702 0.68702 0.68702 0.68702 0.68702 0.68702 0.68702 0.68702 0.68702 0.68702 0.68702 0.68702 0.68702 0.564516 0.678187 0.696621 0.696621 0.693548 0.709293 0.696237 0.696621 0.5553 0.556836 0.715822 0.554531 0.554531 0.602919 0.543011 0.671275 0.542627 0.666283 0.665515 0.66321 0.663594 0.550691 0.671275 0.740783 0.718894 0.476959 0.476575 0.479263 0.546467 0.547619 0.507296 0.517281 0.502304 0.53533 0.536098 0.534562 0.534946 0.534946 0.536098 0.536098 0.535714 0.536098 0.534562 0.534178 0.53533 0.501536 0.781106 0.823349 0.825653 0.825653 0.8149 0.825653 0.825269 0.785714 0.825653 0.814516 0.825269 0.825653 0.825269 0.825269 0.825653 0.784562 0.8149 0.814516 0.824117 0.794163
 0.536277 0.533904 0.567855 0.996928 0.996928 0.996928 0.999616 0 0.696888 0.476373 0.567038 0.494045 0.523627 0.686516 0.686516 0.686516 0.686516 0.686516 0.686516 0.686516 0.686516 0.686516 0.686516 0.686516 0.686516 0.686516 0.686516 0.686516 0.686516 0.686516 0.686516 0.686516 0.686516 0.686516 0.564349 0.67768 0.69612 0.69612 0.693046 0.708798 0.695736 0.69612 0.554745 0.556665 0.715328 0.55436 0.553976 0.602382 0.542451 0.670765 0.542067 0.66577 0.665002 0.662697 0.663081 0.550134 0.670765 0.7403 0.718402 0.476758 0.476373 0.479447 0.545909 0.547061 0.506723 0.516711 0.502113 0.534768 0.535536 0.533999 0.534383 0.534383 0.535536 0.535536 0.535152 0.535536 0.533999 0.533615 0.534768 0.50096 0.780638 0.822897 0.825202 0.825202 0.814445 0.825202 0.824818 0.785248 0.825202 0.814061 0.824818 0.825202 0.824818 0.824818 0.825202 0.784095 0.814445 0.814061 0.823665 0.7937
 0.523956 0.52226 0.53427 0.697773 0.697773 0.697773 0.697389 0.696888 0 0.465181 0.520096 0.481496 0.479507 0.650617 0.650617 0.650617 0.650617 0.650617 0.650617 0.650617 0.650617 0.650617 0.650617 0.650617 0.650617 0.650617 0.650617 0.650617 0.650617 0.650617 0.650617 0.650617 0.650617 0.650617 0.522085 0.64226 0.55392 0.55392 0.544369 0.554715 0.55193 0.551532 0.752089 0.511341 0.54994 0.51532 0.520096 0.545563 0.649423 0.543573 0.649025 0.540788 0.539992 0.539992 0.54039 0.657382 0.547155 0.599284 0.559093 0.479507 0.479109 0.481098 0.513729 0.512535 0.500597 0.506566 0.490649 0.508556 0.508158 0.508953 0.509351 0.509351 0.508556 0.510545 0.509749 0.510147 0.510545 0.509351 0.510545 0.497413 0.641066 0.638281 0.639475 0.639475 0.637883 0.639475 0.639077 0.64226 0.639475 0.637485 0.639077 0.639475 0.639475 0.639873 0.639475 0.640669 0.638679 0.638679 0.639475 0.641862
 0.507187 0.507534 0.538725 0.476575 0.476575 0.476575 0.47619 0.476373 0.465181 0 0.48435 0.481942 0.544944 0.488764 0.488764 0.488764 0.488764 0.488764 0.489567 0.488764 0.488764 0.488764 0.488764 0.488764 0.488764 0.488764 0.488764 0.489567 0.488764 0.489567 0.488764 0.488764 0.488764 0.488764 0.489165 0.49077 0.495987 0.495987 0.493981 0.495586 0.493981 0.493981 0.513644 0.49077 0.495185 0.485554 0.495987 0.546148 0.506822 0.491974 0.506822 0.493178 0.494783 0.494382 0.493178 0.507624 0.493579 0.500803 0.493579 0.586677 0.584671 0.58748 0.5 0.500401 0.493579 0.538925 0.560594 0.5 0.499197 0.500401 0.500803 0.500803 0.499599 0.5 0.500401 0.501204 0.500803 0.500401 0.499599 0.551766 0.504013 0.503612 0.503612 0.503612 0.50321 0.503612 0.50321 0.498395 0.503612 0.502809 0.50321 0.503612 0.50321 0.50321 0.503612 0.500401 0.502006 0.502408 0.503612 0.503612
 0.51232 0.511986 0.604181 0.568356 0.568356 0.568356 0.567588 0.567038 0.520096 0.48435 0 0.487736 0.490953 0.533575 0.533575 0.533575 0.533575 0.533575 0.531564 0.533575 0.533575 0.533575 0.533575 0.533575 0.533575 0.533575 0.533575 0.531564 0.533575 0.531564 0.533575 0.533575 0.533575 0.533575 0.702453 0.528749 0.642139 0.642139 0.640129 0.644954 0.636108 0.63651 0.593486 0.729795 0.640531 0.714918 0.833132 0.577805 0.588661 0.640933 0.588661 0.640933 0.638118 0.63852 0.641335 0.59429 0.636108 0.630478 0.636912 0.507439 0.506232 0.507439 0.662244 0.662244 0.614797 0.624045 0.576196 0.656212 0.656212 0.656614 0.657419 0.657419 0.656212 0.658625 0.657821 0.656614 0.656212 0.656212 0.656212 0.605549 0.604343 0.605549 0.604745 0.604745 0.605147 0.604745 0.604343 0.601528 0.604745 0.604745 0.604343 0.604745 0.604745 0.604745 0.604745 0.604745 0.605147 0.605951 0.604745 0.605951
 0.498289 0.496918 0.506511 0.493856 0.493856 0.493856 0.49424 0.494045 0.481496 0.481942 0.487736 0 0.54568 0.47499 0.47499 0.47499 0.47499 0.47499 0.47499 0.47499 0.47499 0.47499 0.47499 0.47499 0.47499 0.47499 0.47499 0.47499 0.47499 0.47499 0.47499 0.47499 0.47499 0.47499 0.477883 0.47871 0.475403 0.475403 0.475816 0.475403 0.477057 0.47623 0.484911 0.483258 0.481604 0.479124 0.487391 0.489458 0.480777 0.482017 0.480777 0.481191 0.481191 0.481604 0.480364 0.483671 0.480364 0.486565 0.484498 0.490699 0.489045 0.490699 0.491939 0.492352 0.488632 0.494419 0.496486 0.494833 0.495659 0.495246 0.496486 0.496486 0.494833 0.495659 0.496486 0.496073 0.496486 0.495659 0.495246 0.494833 0.494833 0.497726 0.49814 0.49814 0.497313 0.49814 0.49814 0.494833 0.49814 0.497313 0.49814 0.49814 0.49814 0.498553 0.49814 0.496486 0.497313 0.49814 0.49814 0.496486
 0.508214 0.508219 0.69157 0.524194 0.524194 0.524194 0.52381 0.523627 0.479507 0.544944 0.490953 0.54568 0 0.481773 0.481773 0.481773 0.481773 0.481773 0.481359 0.481773 0.481773 0.481773 0.481773 0.481773 0.481773 0.481773 0.481773 0.481359 0.481773 0.481359 0.481773 0.481773 0.481773 0.481773 0.487987 0.480116 0.484673 0.484673 0.47763 0.483844 0.481773 0.481773 0.521541 0.490472 0.491715 0.485915 0.491301 0.597763 0.53024 0.487572 0.530655 0.483016 0.485501 0.485087 0.483016 0.533554 0.488401 0.492129 0.4942 0.540182 0.538525 0.539768 0.493372 0.495857 0.490886 0.58575 0.544739 0.495029 0.495857 0.495029 0.496272 0.496272 0.495857 0.496686 0.495443 0.496272 0.495443 0.495029 0.495857 0.595692 0.501657 0.503728 0.5029 0.5029 0.501657 0.5029 0.5029 0.503728 0.5029 0.501657 0.5029 0.5029 0.503314 0.503314 0.5029 0.503728 0.502071 0.502486 0.504143 0.501243
 0.700548 0.704795 0.545236 0.686252 0.686252 0.686252 0.68702 0.686516 0.650617 0.488764 0.533575 0.47499 0.481773 0 1 1 1 1 0.994188 1 1 1 1 1 1 1 1 0.994188 1 0.994188 1 1 1 1 0.526775 0.990037 0.743462 0.743462 0.750519 0.755915 0.757576 0.757991 0.612702 0.523039 0.733084 0.523869 0.530511 0.543379 0.566625 0.722291 0.56621 0.722291 0.71731 0.714819 0.718971 0.574927 0.726858 0.823578 0.73682 0.489 0.486509 0.488169 0.535907 0.537152 0.523869 0.523039 0.506434 0.539228 0.535907 0.537152 0.535492 0.535492 0.535907 0.537567 0.536737 0.536322 0.536322 0.537567 0.536737 0.509755 0.835616 0.84807 0.84973 0.84973 0.849315 0.84973 0.850145 0.877127 0.84973 0.8489 0.850145 0.84973 0.84973 0.850145 0.84973 0.871316 0.849315 0.8489 0.8489 0.848485
 0.700548 0.704795 0.545236 0.686252 0.686252 0.686252 0.68702 0.686516 0.650617 0.488764 0.533575 0.47499 0.481773 1 0 1 1 1 0.994188 1 1 1 1 1 1 1 1 0.994188 1 0.994188 1 1 1 1 0.526775 0.990037 0.743462 0.743462 0.750519 0.755915 0.757576 0.757991 0.612702 0.523039 0.733084 0.523869 0.530511 0.543379 0.566625 0.722291 0.56621 0.722291 0.71731 0.714819 0.718971 0.574927 0.726858 0.823578 0.73682 0.489 0.486509 0.488169 0.535907 0.537152 0.523869 0.523039 0.506434 0.539228 0.535907 0.537152 0.535492 0.535492 0.535907 0.537567 0.536737 0.536322 0.536322 0.537567 0.536737 0.509755 0.835616 0.84807 0.84973 0.84973 0.849315 0.84973 0.850145 0.877127 0.84973 0.8489 0.850145 0.84973 0.84973 0.850145 0.84973 0.871316 0.849315 0.8489 0.8489 0.848485
 0.700548 0.704795 0.545236 0.686252 0.686252 0.686252 0.68702 0.686516 0.650617 0.488764 0.533575 0.47499 0.481773 1 1 0 1 1 0.994188 1 1 1 1 1 1 1 1 0.994188 1 0.994188 1 1 1 1 0.526775 0.990037 0.743462 0.743462 0.750519 0.755915 0.757576 0.757991 0.612702 0.523039 0.733084 0.523869 0.530511 0.543379 0.566625 0.722291 0.56621 0.722291 0.71731 0.714819 0.718971 0.574927 0.726858 0.823578 0.73682 0.489 0.486509 0.488169 0.535907 0.537152 0.523869 0.523039 0.506434 0.539228 0.535907 0.537152 0.535492 0.535492 0.535907 0.537567 0.536737 0.536322 0.536322 0.537567 0.536737 0.509755 0.835616 0.84807 0.84973 0.84973 0.849315 0.84973 0.850145 0.877127 0.84973 0.8489 0.850145 0.84973 0.84973 0.850145 0.84973 0.871316 0.849315 0.8489 0.8489 0.848485
 0.700548 0.704795 0.545236 0.686252 0.686252 0.686252 0.68702 0.686516 0.650617 0.488764 0.533575 0.47499 0.481773 1 1 1 0 1 0.994188 1 1 1 1 1 1 1 1 0.994188 1 0.994188 1 1 1 1 0.526775 0.990037 0.743462 0.743462 0.750519 0.755915 0.757576 0.757991 0.612702 0.523039 0.733084 0.523869 0.530511 0.543379 0.566625 0.722291 0.56621 0.722291 0.71731 0.714819 0.718971 0.574927 0.726858 0.823578 0.73682 0.489 0.486509 0.488169 0.535907 0.537152 0.523869 0.523039 0.506434 0.539228 0.535907 0.537152 0.535492 0.535492 0.535907 0.537567 0.536737 0.536322 0.536322 0.537567 0.536737 0.509755 0.835616 0.84807 0.84973 0.84973 0.849315 0.84973 0.850145 0.877127 0.84973 0.8489 0.850145 0.84973 0.84973 0.850145 0.84973 0.871316 0.849315 0.8489 0.8489 0.848485
 0.700548 0.704795 0.545236 0.686252 0.686252 0.686252 0.68702 0.686516 0.650617 0.488764 0.533575 0.47499 0.481773 1 1 1 1 0 0.994188 1 1 1 1 1 1 1 1 0.994188 1 0.994188 1 1 1 1 0.526775 0.990037 0.743462 0.743462 0.750519 0.755915 0.757576 0.757991 0.612702 0.523039 0.733084 0.523869 0.530511 0.543379 0.566625 0.722291 0.56621 0.722291 0.71731 0.714819 0.718971 0.574927 0.726858 0.823578 0.73682 0.489 0.486509 0.488169 0.535907 0.537152 0.523869 0.523039 0.506434 0.539228 0.535907 0.537152 0.535492 0.535492 0.535907 0.537567 0.536737 0.536322 0.536322 0.537567 0.536737 0.509755 0.835616 0.84807 0.84973 0.84973 0.849315 0.84973 0.850145 0.877127 0.84973 0.8489 0.850145 0.84973 0.84973 0.850145 0.84973 0.871316 0.849315 0.8489 0.8489 0.848485
 0.699521 0.704452 0.544551 0.686252 0.686252 0.686252 0.68702 0.686516 0.650617 0.489567 0.531564 0.47499 0.481359 0.994188 0.994188 0.994188 0.994188 0.994188 0 0.994188 0.994188 0.994188 0.994188 0.994188 0.994188 0.994188 0.994188 1 0.994188 1 0.994188 0.994188 0.994188 0.994188 0.52719 0.984226 0.742217 0.742217 0.749274 0.755085 0.7555 0.755915 0.613533 0.524284 0.733084 0.523454 0.530095 0.543794 0.566625 0.721046 0.56621 0.720216 0.716065 0.713574 0.716895 0.574927 0.724782 0.823163 0.73682 0.490245 0.487754 0.489 0.534247 0.536322 0.523454 0.522623 0.506849 0.537983 0.534662 0.535907 0.534247 0.534247 0.535492 0.536322 0.535492 0.535077 0.535077 0.536322 0.535077 0.51017 0.834371 0.84807 0.84973 0.84973 0.8489 0.84973 0.850145 0.879203 0.84973 0.848485 0.850145 0.84973 0.84973 0.850145 0.84973 0.870901 0.8489 0.848485 0.8489 0.847655
 0.700548 0.704795 0.545236 0.686252 0.686252 0.686252 0.68702 0.686516 0.650617 0.488764 0.533575 0.47499 0.481773 1 1 1 1 1 0.994188 0 1 1 1 1 1 1 1 0.994188 1 0.994188 1 1 1 1 0.526775 0.990037 0.743462 0.743462 0.750519 0.755915 0.757576 0.757991 0.612702 0.523039 0.733084 0.523869 0.530511 0.543379 0.566625 0.722291 0.56621 0.722291 0.71731 0.714819 0.718971 0.574927 0.726858 0.823578 0.73682 0.489 0.486509 0.488169 0.535907 0.537152 0.523869 0.523039 0.506434 0.539228 0.535907 0.537152 0.535492 0.535492 0.535907 0.537567 0.536737 0.536322 0.536322 0.537567 0.536737 0.509755 0.835616 0.84807 0.84973 0.84973 0.849315 0.84973 0.850145 0.877127 0.84973 0.8489 0.850145 0.84973 0.84973 0.850145 0.84973 0.871316 0.849315 0.8489 0.8489 0.848485
 0.700548 0.704795 0.545236 0.686252 0.686252 0.686252 0.68702 0.686516 0.650617 0.488764 0.533575 0.47499 0.481773 1 1 1 1 1 0.994188 1 0 1 1 1 1 1 1 0.994188 1 0.994188 1 1 1 1 0.526775 0.990037 0.743462 0.743462 0.750519 0.755915 0.757576 0.757991 0.612702 0.523039 0.733084 0.523869 0.530511 0.543379 0.566625 0.722291 0.56621 0.722291 0.71731 0.714819 0.718971 0.574927 0.726858 0.823578 0.73682 0.489 0.486509 0.488169 0.535907 0.537152 0.523869 0.523039 0.506434 0.539228 0.535907 0.537152 0.535492 0.535492 0.535907 0.537567 0.536737 0.536322 0.536322 0.537567 0.536737 0.509755 0.835616 0.84807 0.84973 0.84973 0.849315 0.84973 0.850145 0.877127 0.84973 0.8489 0.850145 0.84973 0.84973 0.850145 0.84973 0.871316 0.849315 0.8489 0.8489 0.848485
 0.700548 0.704795 0.545236 0.686252 0.686252 0.686252 0.68702 0.686516 0.650617 0.488764 0.533575 0.47499 0.481773 1 1 1 1 1 0.994188 1 1 0 1 1 1 1 1 0.994188 1 0.994188 1 1 1 1 0.526775 0.990037 0.743462 0.743462 0.750519 0.755915 0.757576 0.757991 0.612702 0.523039 0.733084 0.523869 0.530511 0.543379 0.566625 0.722291 0.56621 0.722291 0.71731 0.714819 0.718971 0.574927 0.726858 0.823578 0.73682 0.489 0.486509 0.488169 0.535907 0.537152 0.523869 0.523039 0.506434 0.539228 0.535907 0.537152 0.535492 0.535492 0.535907 0.537567 0.536737 0.536322 0.536322 0.537567 0.536737 0.509755 0.835616 0.84807 0.84973 0.84973 0.849315 0.84973 0.850145 0.877127 0.84973 0.8489 0.850145 0.84973 0.84973 0.850145 0.84973 0.871316 0.849315 0.8489 0.8489 0.848485
 0.700548 0.704795 0.545236 0.686252 0.686252 0.686252 0.68702 0.686516 0.650617 0.488764 0.533575 0.47499 0.481773 1 1 1 1 1 0.994188 1 1 1 0 1 1 1 1 0.994188 1 0.994188 1 1 1 1 0.526775 0.990037 0.743462 0.743462 0.750519 0.755915 0.757576 0.757991 0.612702 0.523039 0.733084 0.523869 0.530511 0.543379 0.566625 0.722291 0.56621 0.722291 0.71731 0.714819 0.718971 0.574927 0.726858 0.823578 0.73682 0.489 0.486509 0.488169 0.535907 0.537152 0.523869 0.523039 0.506434 0.539228 0.535907 0.537152 0.535492 0.535492 0.535907 0.537567 0.536737 0.536322 0.536322 0.537567 0.536737 0.509755 0.835616 0.84807 0.84973 0.84973 0.849315 0.84973 0.850145 0.877127 0.84973 0.8489 0.850145 0.84973 0.84973 0.850145 0.84973 0.871316 0.849315 0.8489 0.8489 0.848485
 0.700548 0.704795 0.545236 0.686252 0.686252 0.686252 0.68702 0.686516 0.650617 0.488764 0.533575 0.47499 0.481773 1 1 1 1 1 0.994188 1 1 1 1 0 1 1 1 0.994188 1 0.994188 1 1 1 1 0.526775 0.990037 0.743462 0.743462 0.750519 0.755915 0.757576 0.757991 0.612702 0.523039 0.733084 0.523869 0.530511 0.543379 0.566625 0.722291 0.56621 0.722291 0.71731 0.714819 0.718971 0.574927 0.726858 0.823578 0.73682 0.489 0.486509 0.488169 0.535907 0.537152 0.523869 0.523039 0.506434 0.539228 0.535907 0.537152 0.535492 0.535492 0.535907 0.537567 0.536737 0.536322 0.536322 0.537567 0.536737 0.509755 0.835616 0.84807 0.84973 0.84973 0.849315 0.84973 0.850145 0.877127 0.84973 0.8489 0.850145 0.84973 0.84973 0.850145 0.84973 0.871316 0.849315 0.8489 0.8489 0.848485
 0.700548 0.704795 0.545236 0.686252 0.686252 0.686252 0.68702 0.686516 0.650617 0.488764 0.533575 0.47499 0.481773 1 1 1 1 1 0.994188 1 1 1 1 1 0 1 1 0.994188 1 0.994188 1 1 1 1 0.526775 0.990037 0.743462 0.743462 0.750519 0.755915 0.757576 0.757991 0.612702 0.523039 0.733084 0.523869 0.530511 0.543379 0.566625 0.722291 0.56621 0.722291 0.71731 0.714819 0.718971 0.574927 0.726858 0.823578 0.73682 0.489 0.486509 0.488169 0.535907 0.537152 0.523869 0.523039 0.506434 0.539228 0.535907 0.537152 0.535492 0.535492 0.535907 0.537567 0.536737 0.536322 0.536322 0.537567 0.536737 0.509755 0.835616 0.84807 0.84973 0.84973 0.849315 0.84973 0.850145 0.877127 0.84973 0.8489 0.850145 0.84973 0.84973 0.850145 0.84973 0.871316 0.849315 0.8489 0.8489 0.848485
 0.700548 0.704795 0.545236 0.686252 0.686252 0.686252 0.68702 0.686516 0.650617 0.488764 0.533575 0.47499 0.481773 1 1 1 1 1 0.994188 1 1 1 1 1 1 0 1 0.994188 1 0.994188 1 1 1 1 0.526775 0.990037 0.743462 0.743462 0.750519 0.755915 0.757576 0.757991 0.612702 0.523039 0.733084 0.523869 0.530511 0.543379 0.566625 0.722291 0.56621 0.722291 0.71731 0.714819 0.718971 0.574927 0.726858 0.823578 0.73682 0.489 0.486509 0.488169 0.535907 0.537152 0.523869 0.523039 0.506434 0.539228 0.535907 0.537152 0.535492 0.535492 0.535907 0.537567 0.536737 0.536322 0.536322 0.537567 0.536737 0.509755 0.835616 0.84807 0.84973 0.84973 0.849315 0.84973 0.850145 0.877127 0.84973 0.8489 0.850145 0.84973 0.84973 0.850145 0.84973 0.871316 0.849315 0.8489 0.8489 0.848485
 0.700548 0.704795 0.545236 0.686252 0.686252 0.686252 0.68702 0.686516 0.650617 0.488764 0.533575 0.47499 0.481773 1 1 1 1 1 0.994188 1 1 1 1 1 1 1 0 0.994188 1 0.994188 1 1 1 1 0.526775 0.990037 0.743462 0.743462 0.750519 0.755915 0.757576 0.757991 0.612702 0.523039 0.733084 0.523869 0.530511 0.543379 0.566625 0.722291 0.56621 0.722291 0.71731 0.714819 0.718971 0.574927 0.726858 0.823578 0.73682 0.489 0.486509 0.488169 0.535907 0.537152 0.523869 0.523039 0.506434 0.539228 0.535907 0.537152 0.535492 0.535492 0.535907 0.537567 0.536737 0.536322 0.536322 0.537567 0.536737 0.509755 0.835616 0.84807 0.84973 0.84973 0.849315 0.84973 0.850145 0.877127 0.84973 0.8489 0.850145 0.84973 0.84973 0.850145 0.84973 0.871316 0.849315 0.8489 0.8489 0.848485
 0.699521 0.704452 0.544551 0.686252 0.686252 0.686252 0.68702 0.686516 0.650617 0.489567 0.531564 0.47499 0.481359 0.994188 0.994188 0.994188 0.994188 0.994188 1 0.994188 0.994188 0.994188 0.994188 0.994188 0.994188 0.994188 0.994188 0 0.994188 1 0.994188 0.994188 0.994188 0.994188 0.52719 0.984226 0.742217 0.742217 0.749274 0.755085 0.7555 0.755915 0.613533 0.524284 0.733084 0.523454 0.530095 0.543794 0.566625 0.721046 0.56621 0.720216 0.716065 0.713574 0.716895 0.574927 0.724782 0.823163 0.73682 0.490245 0.487754 0.489 0.534247 0.536322 0.523454 0.522623 0.506849 0.537983 0.534662 0.535907 0.534247 0.534247 0.535492 0.536322 0.535492 0.535077 0.535077 0.536322 0.535077 0.51017 0.834371 0.84807 0.84973 0.84973 0.8489 0.84973 0.850145 0.879203 0.84973 0.848485 0.850145 0.84973 0.84973 0.850145 0.84973 0.870901 0.8489 0.848485 0.8489 0.847655
 0.700548 0.704795 0.545236 0.686252 0.686252 0.686252 0.68702 0.686516 0.650617 0.488764 0.533575 0.47499 0.481773 1 1 1 1 1 0.994188 1 1 1 1 1 1 1 1 0.994188 0 0.994188 1 1 1 1 0.526775 0.990037 0.743462 0.743462 0.750519 0.755915 0.757576 0.757991 0.612702 0.523039 0.733084 0.523869 0.530511 0.543379 0.566625 0.722291 0.56621 0.722291 0.71731 0.714819 0.718971 0.574927 0.726858 0.823578 0.73682 0.489 0.486509 0.488169 0.535907 0.537152 0.523869 0.523039 0.506434 0.539228 0.535907 0.537152 0.535492 0.535492 0.535907 0.537567 0.536737 0.536322 0.536322 0.537567 0.536737 0.509755 0.835616 0.84807 0.84973 0.84973 0.849315 0.84973 0.850145 0.877127 0.84973 0.8489 0.850145 0.84973 0.84973 0.850145 0.84973 0.871316 0.849315 0.8489 0.8489 0.848485
 0.699521 0.704452 0.544551 0.686252 0.686252 0.686252 0.68702 0.686516 0.650617 0.489567 0.531564 0.47499 0.481359 0.994188 0.994188 0.994188 0.994188 0.994188 1 0.994188 0.994188 0.994188 0.994188 0.994188 0.994188 0.994188 0.994188 1 0.994188 0 0.994188 0.994188 0.994188 0.994188 0.52719 0.984226 0.742217 0.742217 0.749274 0.755085 0.7555 0.755915 0.613533 0.524284 0.733084 0.523454 0.530095 0.543794 0.566625 0.721046 0.56621 0.720216 0.716065 0.713574 0.716895 0.574927 0.724782 0.823163 0.73682 0.490245 0.487754 0.489 0.534247 0.536322 0.523454 0.522623 0.506849 0.537983 0.534662 0.535907 0.534247 0.534247 0.535492 0.536322 0.535492 0.535077 0.535077 0.536322 0.535077 0.51017 0.834371 0.84807 0.84973 0.84973 0.8489 0.84973 0.850145 0.879203 0.84973 0.848485 0.850145 0.84973 0.84973 0.850145 0.84973 0.870901 0.8489 0.848485 0.8489 0.847655
 0.700548 0.704795 0.545236 0.686252 0.686252 0.686252 0.68702 0.686516 0.650617 0.488764 0.533575 0.47499 0.481773 1 1 1 1 1 0.994188 1 1 1 1 1 1 1 1 0.994188 1 0.994188 0 1 1 1 0.526775 0.990037 0.743462 0.743462 0.750519 0.755915 0.757576 0.757991 0.612702 0.523039 0.733084 0.523869 0.530511 0.543379 0.566625 0.722291 0.56621 0.722291 0.71731 0.714819 0.718971 0.574927 0.726858 0.823578 0.73682 0.489 0.486509 0.488169 0.535907 0.537152 0.523869 0.523039 0.506434 0.539228 0.535907 0.537152 0.535492 0.535492 0.535907 0.537567 0.536737 0.536322 0.536322 0.537567 0.536737 0.509755 0.835616 0.84807 0.84973 0.84973 0.849315 0.84973 0.850145 0.877127 0.84973 0.8489 0.850145 0.84973 0.84973 0.850145 0.84973 0.871316 0.849315 0.8489 0.8489 0.848485
 0.700548 0.704795 0.545236 0.686252 0.686252 0.686252 0.68702 0.686516 0.650617 0.488764 0.533575 0.47499 0.481773 1 1 1 1 1 0.994188 1 1 1 1 1 1 1 1 0.994188 1 0.994188 1 0 1 1 0.526775 0.990037 0.743462 0.743462 0.750519 0.755915 0.757576 0.757991 0.612702 0.523039 0.733084 0.523869 0.530511 0.543379 0.566625 0.722291 0.56621 0.722291 0.71731 0.714819 0.718971 0.574927 0.726858 0.823578 0.73682 0.489 0.486509 0.488169 0.535907 0.537152 0.523869 0.523039 0.506434 0.539228 0.535907 0.537152 0.535492 0.535492 0.535907 0.537567 0.536737 0.536322 0.536322 0.537567 0.536737 0.509755 0.835616 0.84807 0.84973 0.84973 0.849315 0.84973 0.850145 0.877127 0.84973 0.8489 0.850145 0.84973 0.84973 0.850145 0.84973 0.871316 0.849315 0.8489 0.8489 0.848485
 0.700548 0.704795 0.545236 0.686252 0.686252 0.686252 0.68702 0.686516 0.650617 0.488764 0.533575 0.47499 0.481773 1 1 1 1 1 0.994188 1 1 1 1 1 1 1 1 0.994188 1 0.994188 1 1 0 1 0.526775 0.990037 0.743462 0.743462 0.750519 0.755915 0.757576 0.757991 0.612702 0.523039 0.733084 0.523869 0.530511 0.543379 0.566625 0.722291 0.56621 0.722291 0.71731 0.714819 0.718971 0.574927 0.726858 0.823578 0.73682 0.489 0.486509 0.488169 0.535907 0.537152 0.523869 0.523039 0.506434 0.539228 0.535907 0.537152 0.535492 0.535492 0.535907 0.537567 0.536737 0.536322 0.536322 0.537567 0.536737 0.509755 0.835616 0.84807 0.84973 0.84973 0.849315 0.84973 0.850145 0.877127 0.84973 0.8489 0.850145 0.84973 0.84973 0.850145 0.84973 0.871316 0.849315 0.8489 0.8489 0.848485
 0.700548 0.704795 0.545236 0.686252 0.686252 0.686252 0.68702 0.686516 0.650617 0.488764 0.533575 0.47499 0.481773 1 1 1 1 1 0.994188 1 1 1 1 1 1 1 1 0.994188 1 0.994188 1 1 1 0 0.526775 0.990037 0.743462 0.743462 0.750519 0.755915 0.757576 0.757991 0.612702 0.523039 0.733084 0.523869 0.530511 0.543379 0.566625 0.722291 0.56621 0.722291 0.71731 0.714819 0.718971 0.574927 0.726858 0.823578 0.73682 0.489 0.486509 0.488169 0.535907 0.537152 0.523869 0.523039 0.506434 0.539228 0.535907 0.537152 0.535492 0.535492 0.535907 0.537567 0.536737 0.536322 0.536322 0.537567 0.536737 0.509755 0.835616 0.84807 0.84973 0.84973 0.849315 0.84973 0.850145 0.877127 0.84973 0.8489 0.850145 0.84973 0.84973 0.850145 0.84973 0.871316 0.849315 0.8489 0.8489 0.848485
 0.514374 0.515753 0.59904 0.564132 0.564132 0.564132 0.564516 0.564349 0.522085 0.489165 0.702453 0.477883 0.487987 0.526775 0.526775 0.526775 0.526775 0.526775 0.52719 0.526775 0.526775 0.526775 0.526775 0.526775 0.526775 0.526775 0.526775 0.52719 0.526775 0.52719 0.526775 0.526775 0.526775 0.526775 0 0.52072 0.627459 0.627459 0.634157 0.628296 0.637087 0.638342 0.577648 0.768104 0.632064 0.74257 0.703642 0.562578 0.578903 0.629552 0.578903 0.634575 0.633319 0.633319 0.635831 0.585601 0.640017 0.629971 0.638342 0.493931 0.491 0.493931 0.650481 0.650481 0.599833 0.59774 0.568439 0.637505 0.638342 0.637087 0.636668 0.636668 0.636249 0.636249 0.637087 0.636668 0.636249 0.636249 0.636668 0.595647 0.600251 0.601088 0.601507 0.601507 0.600251 0.601507 0.601925 0.602763 0.601507 0.599833 0.601925 0.601507 0.601088 0.601507 0.601507 0.601925 0.600251 0.601507 0.601507 0.601088
 0.699863 0.70411 0.541124 0.677419 0.677419 0.677419 0.678187 0.67768 0.64226 0.49077 0.528749 0.47871 0.480116 0.990037 0.990037 0.990037 0.990037 0.990037 0.984226 0.990037 0.990037 0.990037 0.990037 0.990037 0.990037 0.990037 0.990037 0.984226 0.990037 0.984226 0.990037 0.990037 0.990037 0.990037 0.52072 0 0.730818 0.730818 0.737945 0.743396 0.745073 0.745493 0.598742 0.525367 0.720755 0.524109 0.528302 0.544235 0.552201 0.709434 0.551782 0.709434 0.704403 0.701887 0.70608 0.560587 0.714046 0.81174 0.724948 0.485954 0.483438 0.485535 0.53543 0.536688 0.524948 0.521593 0.507338 0.542138 0.538784 0.540042 0.538365 0.538365 0.538784 0.540461 0.539623 0.539203 0.539203 0.540461 0.539623 0.501048 0.824319 0.836897 0.838574 0.838574 0.838574 0.838574 0.838994 0.866247 0.838574 0.838155 0.838994 0.838574 0.838574 0.838994 0.838574 0.860377 0.838155 0.837736 0.837736 0.837317
 0.708419 0.707192 0.59767 0.696621 0.696621 0.696621 0.696621 0.69612 0.55392 0.495987 0.642139 0.475403 0.484673 0.743462 0.743462 0.743462 0.743462 0.743462 0.742217 0.743462 0.743462 0.743462 0.743462 0.743462 0.743462 0.743462 0.743462 0.742217 0.743462 0.742217 0.743462 0.743462 0.743462 0.743462 0.627459 0.730818 0 1 0.923238 0.964346 0.913591 0.91401 0.715185 0.647232 0.919044 0.643456 0.64807 0.542785 0.685822 0.894295 0.685403 0.889262 0.888003 0.885487 0.885906 0.694211 0.881292 0.885067 0.899329 0.499581 0.498322 0.500419 0.692953 0.693792 0.622483 0.67198 0.571728 0.697567 0.69505 0.696309 0.694631 0.694631 0.694631 0.695889 0.69505 0.69505 0.694211 0.696309 0.69505 0.611158 0.90604 0.859899 0.857383 0.857383 0.859899 0.857383 0.857383 0.845638 0.857383 0.85948 0.857383 0.857383 0.858221 0.857802 0.857383 0.843121 0.858221 0.858641 0.858221 0.871225
 0.708419 0.707192 0.59767 0.696621 0.696621 0.696621 0.696621 0.69612 0.55392 0.495987 0.642139 0.475403 0.484673 0.743462 0.743462 0.743462 0.743462 0.743462 0.742217 0.743462 0.743462 0.743462 0.743462 0.743462 0.743462 0.743462 0.743462 0.742217 0.743462 0.742217 0.743462 0.743462 0.743462 0.743462 0.627459 0.730818 1 0 0.923238 0.964346 0.913591 0.91401 0.715185 0.647232 0.919044 0.643456 0.64807 0.542785 0.685822 0.894295 0.685403 0.889262 0.888003 0.885487 0.885906 0.694211 0.881292 0.885067 0.899329 0.499581 0.498322 0.500419 0.692953 0.693792 0.622483 0.67198 0.571728 0.697567 0.69505 0.696309 0.694631 0.694631 0.694631 0.695889 0.69505 0.69505 0.694211 0.696309 0.69505 0.611158 0.90604 0.859899 0.857383 0.857383 0.859899 0.857383 0.857383 0.845638 0.857383 0.85948 0.857383 0.857383 0.858221 0.857802 0.857383 0.843121 0.858221 0.858641 0.858221 0.871225
 0.723477 0.724315 0.595956 0.69278 0.69278 0.69278 0.693548 0.693046 0.544369 0.493981 0.640129 0.475816 0.47763 0.750519 0.750519 0.750519 0.750519 0.750519 0.749274 0.750519 0.750519 0.750519 0.750519 0.750519 0.750519 0.750519 0.750519 0.749274 0.750519 0.749274 0.750519 0.750519 0.750519 0.750519 0.634157 0.737945 0.923238 0.923238 0 0.93721 0.972609 0.97303 0.705436 0.646861 0.912769 0.644753 0.648125 0.538559 0.705858 0.960809 0.705436 0.948167 0.962073 0.959545 0.944796 0.714707 0.939739 0.89212 0.892962 0.497682 0.495997 0.498525 0.696165 0.697429 0.629161 0.671302 0.570586 0.697429 0.694901 0.695322 0.694058 0.694058 0.695744 0.695744 0.695322 0.695322 0.694058 0.696165 0.695322 0.605984 0.840708 0.855036 0.85335 0.85335 0.855879 0.85335 0.853772 0.848293 0.85335 0.855457 0.853772 0.85335 0.85335 0.853772 0.85335 0.852929 0.855036 0.854614 0.85335 0.855036
 0.721424 0.719521 0.598698 0.709293 0.709293 0.709293 0.709293 0.708798 0.554715 0.495586 0.644954 0.475403 0.483844 0.755915 0.755915 0.755915 0.755915 0.755915 0.755085 0.755915 0.755915 0.755915 0.755915 0.755915 0.755915 0.755915 0.755915 0.755085 0.755915 0.755085 0.755915 0.755915 0.755915 0.755915 0.628296 0.743396 0.964346 0.964346 0.93721 0 0.927004 0.927426 0.717722 0.646835 0.932489 0.644304 0.650211 0.540928 0.685232 0.908017 0.68481 0.902532 0.900844 0.898312 0.899156 0.693671 0.894093 0.899578 0.912658 0.500422 0.498734 0.501688 0.696624 0.697468 0.627004 0.673418 0.573418 0.699578 0.697046 0.69789 0.697046 0.697046 0.697468 0.69789 0.69789 0.697468 0.697046 0.69789 0.69789 0.61097 0.870042 0.872574 0.870886 0.870886 0.87384 0.870886 0.871308 0.858228 0.870886 0.873418 0.871308 0.870886 0.870886 0.871308 0.870886 0.857384 0.872574 0.872152 0.870886 0.904219
 0.720397 0.721233 0.602125 0.695469 0.695469 0.695469 0.696237 0.695736 0.55193 0.493981 0.636108 0.477057 0.481773 0.757576 0.757576 0.757576 0.757576 0.757576 0.7555 0.757576 0.757576 0.757576 0.757576 0.757576 0.757576 0.757576 0.757576 0.7555 0.757576 0.7555 0.757576 0.757576 0.757576 0.757576 0.637087 0.745073 0.913591 0.913591 0.972609 0.927004 0 0.998728 0.699321 0.639949 0.900763 0.638677 0.642494 0.540712 0.697201 0.942324 0.697201 0.957591 0.9419 0.940204 0.954198 0.706107 0.965225 0.898219 0.894402 0.492366 0.491094 0.493215 0.692536 0.69296 0.621713 0.666667 0.56743 0.690416 0.687023 0.688295 0.687023 0.687023 0.687447 0.687871 0.687871 0.687447 0.686599 0.688719 0.687871 0.607718 0.842663 0.857506 0.85581 0.85581 0.858779 0.85581 0.856234 0.851993 0.85581 0.859203 0.856234 0.85581 0.85581 0.856234 0.85581 0.858779 0.85793 0.857506 0.85581 0.857082
 0.720739 0.721575 0.60281 0.695853 0.695853 0.695853 0.696621 0.69612 0.551532 0.493981 0.63651 0.47623 0.481773 0.757991 0.757991 0.757991 0.757991 0.757991 0.755915 0.757991 0.757991 0.757991 0.757991 0.757991 0.757991 0.757991 0.757991 0.755915 0.757991 0.755915 0.757991 0.757991 0.757991 0.757991 0.638342 0.745493 0.91401 0.91401 0.97303 0.927426 0.998728 0 0.699746 0.640797 0.901187 0.639101 0.643342 0.540712 0.696777 0.942748 0.696777 0.958015 0.942324 0.940628 0.954623 0.705683 0.965649 0.898643 0.894826 0.492791 0.491518 0.493215 0.692112 0.69296 0.621713 0.666667 0.567854 0.690416 0.687447 0.688295 0.687447 0.687447 0.687447 0.687871 0.687871 0.687447 0.686599 0.688719 0.687871 0.607294 0.843087 0.85793 0.856234 0.856234 0.859203 0.856234 0.856658 0.852417 0.856234 0.859627 0.856658 0.856234 0.856234 0.856658 0.856234 0.859203 0.858355 0.85793 0.856234 0.857506
 0.537303 0.535274 0.572995 0.554916 0.554916 0.554916 0.5553 0.554745 0.752089 0.513644 0.593486 0.484911 0.521541 0.612702 0.612702 0.612702 0.612702 0.612702 0.613533 0.612702 0.612702 0.612702 0.612702 0.612702 0.612702 0.612702 0.612702 0.613533 0.612702 0.613533 0.612702 0.612702 0.612702 0.612702 0.577648 0.598742 0.715185 0.715185 0.705436 0.717722 0.699321 0.699746 0 0.594271 0.684481 0.590851 0.592133 0.522873 0.876443 0.682343 0.876015 0.67935 0.680633 0.679778 0.678495 0.884566 0.674647 0.667379 0.67251 0.516888 0.515177 0.51817 0.640872 0.643437 0.5823 0.693031 0.558358 0.645575 0.64472 0.645147 0.643437 0.643437 0.645147 0.64472 0.643865 0.644292 0.64301 0.644292 0.643437 0.637452 0.622916 0.624626 0.622916 0.622916 0.623771 0.622916 0.622916 0.628901 0.622916 0.623771 0.622916 0.622916 0.622916 0.623343 0.622916 0.626336 0.624198 0.622916 0.623343 0.626764
 0.527721 0.52637 0.592529 0.55722 0.55722 0.55722 0.556836 0.556665 0.511341 0.49077 0.729795 0.483258 0.490472 0.523039 0.523039 0.523039 0.523039 0.523039 0.524284 0.523039 0.523039 0.523039 0.523039 0.523039 0.523039 0.523039 0.523039 0.524284 0.523039 0.524284 0.523039 0.523039 0.523039 0.523039 0.768104 0.525367 0.647232 0.647232 0.646861 0.646835 0.639949 0.640797 0.594271 0 0.642429 0.770744 0.735244 0.543199 0.594098 0.646707 0.594098 0.644568 0.648845 0.649701 0.645851 0.600086 0.641146 0.624893 0.63858 0.493584 0.492729 0.493584 0.661677 0.662532 0.636441 0.636014 0.573139 0.666382 0.665526 0.665954 0.664671 0.664671 0.664243 0.664243 0.664243 0.663388 0.664243 0.666382 0.664671 0.604363 0.597092 0.598375 0.597947 0.597947 0.598375 0.597947 0.598375 0.596236 0.597947 0.597947 0.598375 0.597947 0.597519 0.597947 0.597947 0.596664 0.597947 0.597947 0.597519 0.597519
 0.705339 0.703767 0.591844 0.71467 0.71467 0.71467 0.715822 0.715328 0.54994 0.495185 0.640531 0.481604 0.491715 0.733084 0.733084 0.733084 0.733084 0.733084 0.733084 0.733084 0.733084 0.733084 0.733084 0.733084 0.733084 0.733084 0.733084 0.733084 0.733084 0.733084 0.733084 0.733084 0.733084 0.733084 0.632064 0.720755 0.919044 0.919044 0.912769 0.932489 0.900763 0.901187 0.684481 0.642429 0 0.641192 0.6481 0.527202 0.699482 0.930052 0.69905 0.924007 0.922712 0.921416 0.921848 0.707686 0.915371 0.873921 0.974957 0.490069 0.489206 0.490069 0.701209 0.702073 0.632124 0.667962 0.581174 0.700777 0.699914 0.699914 0.69905 0.69905 0.699914 0.701209 0.699914 0.699482 0.69905 0.699914 0.700345 0.613126 0.828152 0.877375 0.876079 0.876079 0.86658 0.876079 0.875648 0.83247 0.876079 0.866149 0.875648 0.876079 0.876943 0.876511 0.876079 0.831606 0.866149 0.865717 0.875648 0.842401
 0.52601 0.525342 0.585675 0.554916 0.554916 0.554916 0.554531 0.55436 0.51532 0.485554 0.714918 0.479124 0.485915 0.523869 0.523869 0.523869 0.523869 0.523869 0.523454 0.523869 0.523869 0.523869 0.523869 0.523869 0.523869 0.523869 0.523869 0.523454 0.523869 0.523454 0.523869 0.523869 0.523869 0.523869 0.74257 0.524109 0.643456 0.643456 0.644753 0.644304 0.638677 0.639101 0.590851 0.770744 0.641192 0 0.726566 0.531749 0.588337 0.644924 0.588337 0.644924 0.64406 0.64406 0.645788 0.593952 0.639741 0.625054 0.636285 0.485529 0.485097 0.486825 0.663499 0.665227 0.634125 0.627214 0.571058 0.666523 0.666523 0.667819 0.665659 0.665659 0.665227 0.667387 0.665659 0.665659 0.665659 0.666523 0.665227 0.601728 0.592225 0.598704 0.59784 0.59784 0.596976 0.59784 0.59784 0.596976 0.59784 0.596544 0.59784 0.59784 0.59784 0.59784 0.59784 0.599136 0.596112 0.596112 0.597408 0.59568
 0.53217 0.532192 0.591158 0.5553 0.5553 0.5553 0.554531 0.553976 0.520096 0.495987 0.833132 0.487391 0.491301 0.530511 0.530511 0.530511 0.530511 0.530511 0.530095 0.530511 0.530511 0.530511 0.530511 0.530511 0.530511 0.530511 0.530511 0.530095 0.530511 0.530095 0.530511 0.530511 0.530511 0.530511 0.703642 0.528302 0.64807 0.64807 0.648125 0.650211 0.642494 0.643342 0.592133 0.735244 0.6481 0.726566 0 0.544944 0.589023 0.647796 0.589023 0.643475 0.645203 0.646067 0.644771 0.595073 0.641746 0.626188 0.643475 0.493518 0.492653 0.495246 0.681072 0.681072 0.634399 0.638289 0.584702 0.681504 0.684097 0.681072 0.684529 0.684529 0.684097 0.684529 0.684097 0.683232 0.684529 0.679775 0.684529 0.605445 0.598963 0.601124 0.600259 0.600259 0.600691 0.600259 0.600259 0.596802 0.600259 0.600259 0.600259 0.600259 0.600259 0.600259 0.600259 0.600691 0.601988 0.60242 0.600259 0.601124
 0.495893 0.494863 0.616518 0.602919 0.602919 0.602919 0.602919 0.602382 0.545563 0.546148 0.577805 0.489458 0.597763 0.543379 0.543379 0.543379 0.543379 0.543379 0.543794 0.543379 0.543379 0.543379 0.543379 0.543379 0.543379 0.543379 0.543379 0.543794 0.543379 0.543794 0.543379 0.543379 0.543379 0.543379 0.562578 0.544235 0.542785 0.542785 0.538559 0.540928 0.540712 0.540712 0.522873 0.543199 0.527202 0.531749 0.544944 0 0.529922 0.526019 0.529488 0.523851 0.522984 0.522116 0.52255 0.533391 0.528187 0.559844 0.534692 0.54987 0.547268 0.550304 0.520382 0.520815 0.492194 0.590633 0.557676 0.504337 0.504337 0.503469 0.503036 0.503036 0.503903 0.503036 0.503903 0.504337 0.503036 0.502168 0.503469 0.622723 0.59974 0.597572 0.599306 0.599306 0.598873 0.599306 0.59974 0.595403 0.599306 0.598439 0.59974 0.599306 0.598873 0.599306 0.599306 0.592801 0.598439 0.599306 0.598873 0.601908
